264
-192
-257
42
92
-256
-163
178
-130
-881
113
491
883
342
262
-82
-192
-334
229
407
673
474
890
-288
-295
582
43
635
520
618
-369
-475
562
889
0
676
-424
509
937
491
821
-303
19
778
627
-442
-281
-484
289
156
980
499
655
-111
524
721
135
108
415
615
558
-110
-94
113
402
334
198
-60
-230
-213
21
580
447
-343
945
474
403
-33
-264
-387
413
-232
552
-262
651
-316
-166
894
-116
263
888
742
-452
633
-14
767
-341
602
323
396
-148
117
-188
286
783
823
-212
-382
731
598
375
296
477
828
-194
459
627
210
720
117
208
419
90
990
922
977
256
56
-241
800
223
40
-203
606
919
-360
314
-12
355
505
935
-486
-377
752
356
225
932
50
863
-449
875
825
-347
672
904
696
121
531
-115
935
-432
697
-104
-431
-319
-451
258
-408
393
570
-344
586
585
-256
911
428
125
-363
737
-235
-459
531
35
688
-306
293
-3
-26
-230
697
745
-484
22
776
-207
590
676
-363
-447
252
248
-444
120
451
454
-341
559
686
917
-157
204
734
-386
-334
734
858
651
-307
-317
273
12
203
819
99
208
13
783
-148
690
202
579
989
54
503
-347
739
20
216
979
643
-311
-473
654
374
276
-420
720
824
183
-99
-139
-202
42
410
765
472
809
473
752
352
584
269
382
786
-489
337
-42
782
289
-315
706
598
711
810
283
167
431
-375
802
-112
313
797
871
-42
-180
675
822
-322
116
936
-214
304
280
820
618
974
769
144
543
901
512
-312
879
-398
-147
-200
51
752
120
-244
307
49
189
-62
-491
281
95
402
-215
751
401
724
611
-129
591
721
-268
594
23
-379
758
47
907
539
721
-168
391
437
588
170
546
402
746
606
828
693
-40
-101
-239
190
-88
43
-18
967
21
632
-62
746
398
154
872
699
366
22
-399
99
388
-269
265
-89
-431
-288
425
475
-374
-471
-329
-433
-477
265
-399
-460
591
-403
217
377
845
370
413
88
53
-113
-178
-198
804
828
869
-301
-215
828
-348
518
589
906
418
362
90
763
570
712
558
-312
488
680
-226
299
115
-483
386
241
-336
487
786
-159
695
103
-286
314
-150
-231
-271
-242
939
296
5
558
1000
-223
-269
-224
-229
575
-6
942
-20
450
637
633
-310
205
570
73
524
-482
945
701
515
139
241
-206
-354
747
268
282
519
-161
-77
305
633
856
525
271
-392
633
-127
160
673
-3
731
532
-426
121
261
105
230
-325
95
-98
98
864
476
560
727
-123
75
819
-59
-388
-321
-484
770
458
402
-331
533
-224
472
908
5
-418
487
426
-115
163
998
-89
-318
-101
-229
757
-24
372
96
873
-64
436
337
380
633
-6
864
606
274
875
174
-194
14
-448
761
942
22
888
-331
-265
307
892
245
780
327
101
309
768
-334
610
344
170
401
534
790
-306
846
236
680
554
-338
752
778
96
262
972
239
-76
880
488
384
621
795
606
137
558
-112
438
-105
238
849
-145
786
-489
492
25
-451
985
451
442
213
560
980
112
765
747
153
-424
663
-290
965
302
314
151
752
46
-44
-58
762
281
-490
-178
-278
950
841
37
157
398
614
-446
-343
-196
-272
-429
485
-143
-344
-81
144
-308
995
373
893
830
291
202
-233
283
-394
702
705
108
142
-267
886
-318
-468
-314
313
592
613
-7
-221
-48
-185
-64
603
-408
751
-54
-25
-128
796
518
333
219
990
227
-437
699
-107
-177
184
-325
260
146
-374
236
304
897
-487
673
692
515
-449
-440
959
932
317
353
-482
-278
682
240
-16
339
987
31
-268
553
-77
709
-280
489
-46
-151
-404
-295
511
948
-353
357
-354
515
650
39
-152
-199
47
-430
307
-32
938
526
-497
-275
546
-346
-193
724
914
-351
-351
322
351
438
486
438
-286
625
303
-429
-180
206
362
-261
12
324
109
946
-334
179
115
758
-314
508
286
-433
937
176
322
97
959
87
330
20
685
550
173
536
278
-188
-38
363
315
701
441
838
816
-269
-135
161
975
-15
467
329
-354
731
-111
465
755
98
140
259
572
-87
310
253
-148
795
-418
83
803
-383
828
659
554
-175
-444
540
-146
78
630
-288
45
852
776
-320
731
124
262
-121
745
54
-40
656
8
833
773
191
617
475
627
84
-464
-163
592
-201
-242
830
308
267
-392
45
822
640
-137
111
-459
948
728
617
-115
-34
73
-35
82
380
855
-310
480
345
-211
-137
820
-123
60
-189
-235
874
495
188
79
692
48
564
1000
654
737
752
388
-195
-8
925
138
-162
832
87
577
256
-68
-342
9
343
-124
69
518
-401
925
-153
948
825
745
533
-288
445
667
195
128
-360
276
664
46
202
785
-405
81
-341
987
643
656
128
883
794
-439
787
801
915
391
385
-79
620
453
700
-303
313
-392
-197
-64
402
-63
817
579
431
-246
728
502
705
172
484
680
279
-131
769
-222
95
326
680
-82
604
-286
702
838
211
249
-404
519
167
966
-49
855
469
-444
505
584
545
894
353
-165
251
575
529
902
-82
872
-347
328
-100
240
-100
397
21
105
66
-287
637
356
-208
-71
-118
819
-19
753
544
991
-127
154
-204
-376
-443
-450
989
-431
960
-200
-483
-261
-145
689
-21
752
-474
191
790
717
432
-460
-434
-497
586
145
321
797
141
-127
961
634
554
712
-84
760
112
108
-478
797
-196
984
482
876
-193
567
358
178
576
696
440
958
254
511
-462
157
886
518
190
-410
830
778
349
-47
53
20
309
374
-302
-156
-43
494
-184
-216
501
970
760
-143
-210
758
-159
696
854
578
958
-392
-361
-280
834
741
267
-421
49
922
-179
228
479
163
879
671
751
190
489
792
-159
897
704
141
989
345
5
592
-419
-63
700
63
-252
15
-478
895
-15
310
185
345
581
-194
-92
595
499
273
-4
-323
747
435
-171
123
117
-460
827
551
-84
103
773
853
875
-356
659
642
25
928
395
-147
765
-423
-26
540
627
-96
73
560
472
574
710
-294
-68
65
928
-347
-424
30
-84
796
-352
-260
-129
70
-369
16
574
624
991
-321
-425
958
743
360
832
-340
-243
67
-46
387
326
-497
444
-370
764
321
183
786
898
215
882
-91
-179
48
539
219
-288
-417
729
-177
519
-192
-464
368
-314
-421
178
169
-215
-158
-87
583
-435
6
-11
919
-393
-90
286
-164
571
213
117
-433
-84
-295
581
646
34
926
584
904
-426
-34
56
730
244
0
751
945
-404
-276
5
155
797
727
-268
874
987
-473
-487
868
346
429
-203
17
892
322
870
-109
508
-44
-32
475
86
704
-336
116
58
-102
194
197
379
-333
894
-428
885
-69
-389
471
-213
485
0
326
260
327
687
-348
-355
-135
976
337
693
904
37
925
-489
26
200
-99
367
-87
778
827
585
140
544
685
-151
294
-271
-46
863
721
372
-96
-125
160
769
-285
136
-242
745
-365
284
-306
797
389
-453
452
655
843
731
634
915
-45
-223
-228
791
-405
454
766
-29
352
969
293
78
105
-175
833
-177
410
884
590
111
-110
517
-15
397
97
-391
955
16
563
58
-223
-121
-48
499
-421
725
-251
-103
349
-157
204
-432
485
541
852
144
-248
520
485
500
727
157
-162
139
391
263
938
32
-248
-290
-58
-240
24
270
822
639
-112
-332
-461
897
821
900
51
-259
842
28
530
-27
463
334
-281
576
892
-254
761
59
-415
966
8
591
-285
139
329
-476
691
621
941
-168
-433
-492
-284
-391
774
14
939
81
249
386
-295
-75
-181
680
-317
846
499
631
973
952
552
634
895
529
312
801
502
648
-32
354
875
290
973
703
449
459
-443
335
-434
898
917
771
514
916
668
-333
-447
110
170
21
413
834
371
-253
459
-460
381
2
803
-368
-495
-16
945
733
858
208
957
242
-363
983
422
-363
702
811
337
151
819
216
810
125
-375
-191
988
637
62
-18
926
179
-322
867
999
-247
983
593
528
-281
687
-104
567
686
-387
485
826
966
731
203
713
725
972
315
-15
788
-464
-247
-413
235
966
450
459
63
3
655
-36
112
696
464
-436
304
324
611
-49
-60
-297
357
-254
140
-385
601
986
605
897
-395
235
-54
514
-291
-368
103
910
966
816
-65
969
-236
680
-459
720
37
189
51
-369
-110
296
1000
-27
431
-461
-496
757
822
551
-443
-242
329
-439
599
896
405
-357
528
-210
412
697
136
874
587
-126
230
414
87
218
-396
606
789
60
905
-3
-416
389
943
-76
-5
396
472
847
753
688
486
84
-474
369
807
210
-222
-208
512
967
-383
-233
253
982
389
34
-433
953
452
70
-284
33
27
113
807
-272
494
636
55
164
792
-212
952
226
-8
32
765
70
-499
444
-244
962
336
-394
-259
-37
-222
-252
534
44
-465
445
172
344
-481
57
-308
-389
82
-87
980
-457
929
348
483
-196
-308
249
749
843
329
168
-363
-261
334
484
507
553
550
891
380
187
445
440
872
-160
666
37
407
-278
893
228
-235
356
655
153
119
957
239
-183
685
999
531
39
-373
556
310
406
737
271
-110
52
-312
316
-371
-129
-206
-381
-322
15
845
159
-199
-489
592
904
970
141
-143
-157
305
787
-73
609
430
-50
958
888
584
-270
-39
725
740
643
-463
-175
-72
-396
-356
-162
173
563
260
132
230
270
148
-247
-203
68
653
12
979
-368
328
-496
495
757
-222
-44
233
429
414
214
28
-489
77
-333
632
526
373
-284
102
26
803
567
-225
12
388
563
15
-76
78
779
596
-365
546
297
-112
15
-494
-285
980
-70
-448
480
136
-93
-256
323
204
396
19
557
632
233
724
375
236
-445
-130
279
733
274
124
-367
536
971
712
-292
-136
875
459
718
837
612
-463
257
-413
-296
65
-213
191
828
498
412
728
-149
521
681
345
389
41
401
555
693
553
449
726
627
579
392
706
108
-28
-424
665
-8
716
588
477
109
835
-274
891
196
1000
163
492
413
556
-449
-256
869
11
-169
947
444
403
957
271
194
939
342
68
-352
9
41
-215
424
363
423
587
507
553
555
190
-190
692
888
792
350
507
283
-168
-492
-114
-26
834
265
-410
-70
464
-302
-396
304
840
-52
-48
-416
263
-474
858
276
772
-115
809
-195
929
94
717
-308
690
-275
-432
27
-438
783
-34
569
544
-242
-101
95
295
369
-55
615
503
-134
231
929
887
-17
717
594
-97
30
854
224
738
314
515
397
536
75
722
403
24
211
802
-203
147
214
468
-191
-116
-38
364
209
214
768
695
117
111
-294
990
682
-173
-64
73
735
-325
911
771
-136
7
-424
-434
293
1
314
134
784
500
461
130
-252
-93
986
578
-376
355
-91
-212
136
-357
630
936
64
55
138
497
-50
349
502
102
-394
-473
681
293
740
-73
848
824
71
904
100
-495
-55
573
108
755
398
402
-281
-327
664
-447
-361
149
141
138
106
-65
-260
427
461
-300
377
764
-243
-204
-203
-359
96
-337
721
-433
228
-469
529
691
175
143
951
845
-206
-479
960
104
277
-244
-171
574
-297
176
-209
182
593
471
821
-340
654
835
-369
404
736
-210
713
966
286
-136
179
287
924
124
-149
172
728
814
-169
90
456
900
-394
418
667
524
-122
541
-169
-46
743
-268
101
108
-150
492
-309
-127
821
25
772
725
965
-473
-438
170
-111
-373
-247
284
6
334
220
634
916
148
590
-191
526
-150
794
756
374
11
491
176
741
316
-27
333
-221
-378
-142
114
94
-462
-262
-434
114
343
310
299
966
-313
-470
-7
-445
-371
655
-219
-191
453
800
878
-436
209
120
-485
-438
768
52
-460
128
295
968
101
-256
-388
-316
825
928
95
3
-10
658
-403
206
-304
286
276
207
610
732
55
369
270
984
964
-223
759
483
-200
810
-477
-221
499
395
826
917
-256
-115
-394
-288
-413
-484
66
773
834
658
220
641
-24
-203
-169
284
-124
300
792
670
-137
257
-427
917
779
524
-145
525
979
-152
666
388
50
658
687
-266
-87
217
448
789
-384
637
-181
439
455
290
-480
-273
293
384
742
880
-167
354
629
166
943
176
942
-5
43
330
-166
972
417
-37
129
429
-472
-346
769
438
722
898
353
670
-283
-301
110
157
-413
326
739
228
-482
-178
886
-81
-129
370
645
629
995
164
259
525
547
465
229
-134
602
-432
-91
535
206
-421
728
-472
-427
-491
250
34
-78
483
697
462
600
297
405
-51
-130
783
652
961
391
-413
-133
-433
694
61
-369
-285
41
259
303
517
522
983
222
-354
-105
635
-469
945
624
366
646
997
-407
714
841
153
377
-479
22
788
206
-223
781
-276
409
-76
-110
-188
-348
668
203
-153
271
-117
-94
841
-95
-365
81
-129
32
74
-48
357
269
661
544
319
790
-433
-37
-299
348
921
967
-172
447
578
3
644
-102
-54
888
242
706
641
-373
233
572
-32
-16
952
-181
357
336
733
-192
97
-318
856
-480
-406
-253
760
130
184
204
-299
683
873
-389
-476
-494
26
566
896
-409
88
-170
649
-110
456
178
851
60
81
858
556
652
251
571
-239
-254
735
-293
12
-442
846
211
-92
353
255
-206
806
-84
-416
-138
684
293
-390
295
819
-280
-262
99
-457
602
260
-387
250
-38
536
782
580
899
947
87
708
-373
-222
322
189
-207
839
234
-244
-207
256
36
-191
262
517
-266
-12
-495
767
-424
525
181
-182
-497
718
976
949
799
167
955
914
344
-10
428
643
775
732
255
-453
137
211
-86
224
795
-297
883
-249
328
-50
-92
130
38
-378
-358
950
825
-189
-332
940
602
69
-378
501
983
943
893
-462
870
659
325
84
-125
640
429
794
347
376
-301
330
194
40
691
106
376
-359
700
-235
104
-485
-271
-307
-487
-230
-81
-311
606
731
152
183
149
240
125
-363
70
682
161
691
-455
-267
448
-45
691
832
362
-292
282
-275
-384
866
633
-300
969
-279
684
-216
-486
597
564
186
-319
-11
938
-156
550
984
-144
941
453
-267
-450
859
278
311
377
546
-120
940
84
-363
817
13
487
317
-182
-78
882
391
336
-172
279
655
983
-390
87
-376
144
487
-376
-216
419
676
160
704
-366
-89
756
-256
-78
-493
-128
-249
469
-120
681
325
-95
784
185
569
855
-271
92
171
259
523
364
134
966
372
-420
29
364
-262
-225
767
344
534
264
884
-147
199
-155
212
617
-117
110
-423
304
736
14
-479
388
-59
295
-125
950
446
-2
307
24
-49
596
936
710
567
-321
-461
946
-210
270
13
-409
118
-399
28
-76
205
-284
69
-484
776
332
-320
147
454
-189
491
-56
336
424
-26
-365
270
100
-265
56
842
615
561
116
-435
455
870
169
631
-146
116
-484
914
-317
-261
172
984
422
800
794
983
556
-479
-119
-258
218
-128
738
159
582
-99
-80
183
-312
236
502
-3
407
177
629
357
-237
218
-144
392
385
-241
189
234
80
719
995
-455
659
66
-212
591
-144
162
-369
-120
-480
959
-84
743
782
86
348
147
130
-160
-34
326
411
331
-425
-458
-155
422
-72
447
-190
-432
-446
-169
578
664
-413
887
-432
363
921
375
-442
464
502
982
-20
659
399
-303
488
897
315
64
289
961
781
387
40
-110
-204
-232
-402
466
-352
-261
-208
152
156
628
-293
978
-301
319
577
-398
281
925
315
-146
-78
957
330
222
18
877
120
-53
922
-202
430
-493
-391
-311
857
-22
266
582
-310
-250
879
264
-172
741
-278
5
-489
-343
628
4
773
774
412
503
-380
586
643
493
-306
-79
390
-139
461
-257
862
665
266
-195
736
812
480
56
777
-465
-479
706
-423
964
469
459
985
693
-393
-140
-253
994
95
856
933
134
-231
364
485
732
220
229
177
644
218
340
463
233
-466
293
705
11
330
-227
874
532
632
173
646
56
619
-127
-82
408
103
-27
815
966
-296
319
-488
706
97
798
760
588
-421
-240
547
-53
362
7
497
-66
-199
5
683
832
-366
-353
583
461
-220
-44
245
588
31
158
113
689
-158
212
578
441
346
517
341
30
748
-202
721
-24
821
571
651
142
-401
216
-152
100
-131
-307
809
165
433
479
41
887
556
182
43
419
-454
824
323
756
-161
673
976
-91
-87
-100
107
312
85
-464
14
976
195
483
872
785
557
482
270
789
-295
616
855
437
304
-2
-155
316
517
253
-200
-52
-292
119
-247
331
927
-346
703
610
455
485
586
-28
217
884
-350
797
513
-37
830
-239
437
471
-96
366
763
-435
174
-35
964
-135
-342
469
-97
837
-140
815
-38
633
895
-444
-149
-223
908
94
-150
901
416
201
640
879
319
256
852
746
-19
-78
-385
659
566
786
249
-76
763
-197
717
503
73
517
930
-72
615
586
23
-265
-298
802
864
990
-443
450
492
527
-224
135
381
520
144
307
575
73
-186
197
-336
-369
113
-304
546
262
472
612
541
940
-92
825
-274
81
319
-188
-395
489
230
-385
-257
80
468
546
-22
302
444
-38
857
-374
59
416
384
263
-453
-483
694
579
-136
259
-54
735
189
868
655
618
-226
42
-255
911
368
-232
-115
77
989
174
-471
648
687
95
-56
-35
292
-245
418
969
999
711
651
78
-340
814
-411
-183
-313
-472
786
160
921
-364
887
982
-473
65
-142
-250
-341
-383
-291
996
563
324
-477
199
-27
-100
355
-247
832
-489
286
22
-472
649
-8
159
-331
-241
722
926
-390
851
574
368
762
603
-365
-292
968
-464
-211
931
285
760
640
603
516
-184
149
-122
758
15
-363
204
984
60
606
-488
-255
-183
-183
559
-147
636
486
982
-171
-118
-491
-394
151
647
980
221
37
488
-184
-344
-424
284
102
47
867
998
42
195
-22
390
996
687
676
-320
292
437
717
277
169
281
736
-90
872
944
508
595
218
-353
-463
104
345
138
54
-416
672
-289
768
-410
-102
-231
521
877
117
64
53
-491
462
529
275
288
-257
-460
455
843
820
517
587
-279
-114
174
534
-457
-428
582
627
989
517
193
-157
207
586
743
763
849
-45
972
782
600
504
335
545
143
149
899
261
844
-150
-364
-301
-270
-367
-22
-342
-365
697
905
53
-216
727
-354
949
-313
-366
361
318
907
-375
723
-172
705
-11
154
698
850
-467
562
963
-482
351
638
40
-434
79
767
444
236
368
982
136
721
322
134
840
-118
34
434
-159
-314
985
975
-70
678
-470
22
-128
62
-437
-440
757
555
-48
-414
-465
228
-383
-54
67
345
-307
782
859
630
163
792
642
-61
846
154
739
3
853
-494
-101
-436
545
-353
750
957
41
379
-283
87
-268
-205
921
108
-199
425
651
323
816
674
891
-113
-57
584
355
697
-165
-144
669
146
984
-54
-231
852
97
638
-82
-256
529
-159
132
796
84
875
437
-12
936
-154
231
429
-20
-322
823
-177
277
-336
-463
959
652
-62
948
190
502
-231
-104
15
942
545
-398
169
-498
-72
648
-374
-135
735
-311
393
357
668
-123
591
48
46
-433
777
294
611
933
267
374
58
719
925
-468
880
-224
-58
292
-412
739
-451
-154
-178
-175
322
-230
206
-393
-107
807
-241
10
-106
593
819
594
816
679
-283
157
-376
640
332
939
867
805
715
213
241
-430
-213
86
367
69
35
-438
-229
268
460
524
736
196
265
227
105
-442
399
637
49
-137
-203
860
-9
-95
-445
740
-452
911
287
-279
232
541
-194
123
-176
455
550
830
-19
337
993
-101
-374
607
120
100
551
9
359
742
290
972
349
740
365
816
-426
235
515
-2
238
170
804
-295
-387
760
-17
599
274
425
-140
127
153
28
672
-425
-239
614
-144
586
988
-338
-348
517
115
195
-422
583
568
125
-145
192
-23
538
-179
471
774
165
670
-23
922
407
462
72
130
286
-215
-275
349
929
966
225
858
349
440
799
548
-208
-91
847
60
179
-494
-458
451
386
166
-99
137
-33
-372
804
-129
-157
789
-367
696
120
-161
385
-103
-391
-243
368
11
-218
439
26
967
481
724
637
-254
479
484
453
326
795
-76
416
-409
818
383
-492
459
586
420
-146
-303
16
839
-340
485
-427
525
-468
587
-246
938
380
-63
556
151
-481
-167
-361
-500
-334
887
497
502
940
547
439
-455
370
-195
-146
612
-330
831
973
-102
823
335
550
182
63
795
-428
958
-217
46
631
-121
-82
929
181
194
-324
-66
519
579
167
624
356
-152
708
868
-499
-221
-365
-366
607
777
336
-74
618
472
-288
746
227
583
902
455
-268
879
-368
565
-390
593
143
65
478
-14
22
201
643
-53
623
-50
-453
637
628
-106
645
-329
524
783
219
-231
253
379
942
-252
568
734
78
499
612
-71
-106
444
1
609
-474
79
616
-48
408
485
-149
443
-50
37
-356
-450
-444
149
589
-76
936
-329
34
435
-174
-311
-423
84
-461
-20
378
-61
903
463
-7
-313
142
732
911
-60
17
-86
-133
278
514
-445
299
632
535
732
-327
270
112
332
706
639
-421
-283
-249
-458
836
389
-484
-489
732
-313
-148
255
935
-182
399
-111
728
74
-361
-205
-337
515
-74
-439
955
401
-398
50
-242
713
-420
175
-315
33
-457
907
-465
263
295
-337
-196
880
-318
185
-340
501
-315
-184
148
-336
757
725
609
457
618
93
69
556
414
29
-232
697
397
-289
384
341
-415
-135
730
-49
753
-198
314
672
504
357
233
611
-232
417
877
556
264
-294
871
-322
70
546
80
683
-336
-313
-488
957
-351
69
814
-311
603
113
-166
421
735
261
245
569
-262
215
-91
945
162
994
292
-13
-397
458
-330
618
610
-355
218
-1
190
187
221
389
-365
648
-333
395
557
-167
-8
-379
-53
-357
568
903
-99
56
71
560
93
675
697
224
627
-471
941
169
883
-126
-72
-97
46
507
497
973
238
725
-361
331
277
-156
661
609
499
498
-403
-6
-259
710
-449
143
-407
-448
58
556
-19
812
380
-257
738
-239
715
529
-149
963
833
-291
813
691
724
134
766
985
-249
590
569
-67
-171
93
260
-163
113
29
-57
797
224
67
229
238
966
154
523
476
190
674
-187
318
-487
430
-3
-469
-242
197
495
225
46
887
-482
-400
512
481
-347
-296
304
184
539
726
130
599
527
586
761
-443
-281
349
-361
185
715
507
-484
-225
505
101
133
934
652
-249
170
331
601
964
939
711
-121
170
860
-89
-64
-369
11
317
65
804
378
-491
7
809
262
672
-202
-140
-318
-26
-464
215
681
418
301
-353
331
510
704
98
778
148
805
-471
-71
231
482
255
-299
-82
289
150
-416
-16
432
-28
881
849
-189
725
-245
236
-106
486
400
502
-76
955
-399
888
288
592
-126
-84
-142
525
-165
620
-460
-176
280
76
-13
212
310
433
-303
-343
502
-191
23
473
563
-192
795
356
503
556
588
-326
751
600
735
30
-7
892
987
-459
384
-25
338
224
356
851
184
984
799
-97
121
378
100
-254
-307
26
761
269
213
979
450
-332
182
-95
54
575
957
-223
-343
429
-8
950
-71
370
688
385
597
-287
761
-492
-191
-373
883
38
258
-348
871
521
768
-217
593
637
348
8
799
-302
860
735
-28
197
-344
-266
818
-463
-63
963
-173
880
286
-335
-429
916
-63
994
123
910
-280
569
-124
-351
866
-175
82
-470
949
201
-359
-129
-26
33
-231
71
966
437
519
973
445
768
-382
54
75
108
701
-487
555
900
364
569
685
231
327
877
710
482
-382
521
881
-478
-149
763
966
608
238
-224
-219
68
-183
-174
-73
-389
237
-420
784
74
511
377
158
-384
365
651
259
416
521
456
332
302
1000
827
-176
931
-51
-249
892
307
-338
-138
891
945
887
102
215
422
772
214
-486
644
579
518
363
978
724
-286
805
-44
-262
957
-190
403
825
-236
115
400
-4
-164
880
998
115
761
786
973
-434
-71
958
-312
-182
628
137
-417
741
996
-475
-29
670
464
820
-49
893
60
417
-172
-237
-363
787
485
458
454
533
452
-482
-29
-34
-437
-484
-349
549
-162
-408
636
-471
429
-193
510
-235
-180
173
383
-178
-170
206
73
-281
309
-164
152
-159
42
707
114
435
-222
330
-320
-365
584
903
587
783
-392
-272
645
264
-190
-207
810
495
569
503
-151
715
760
578
440
-444
-77
606
-391
979
884
-214
-20
-151
204
899
-317
822
542
-363
-387
948
77
71
712
607
556
558
644
-2
-98
787
775
165
41
402
562
-369
760
371
-156
860
-348
423
605
-469
-226
122
-100
-207
-280
975
-257
873
-118
-305
942
895
887
622
222
579
771
372
668
-325
761
616
841
925
-79
151
272
608
-230
916
290
467
806
365
35
468
945
-373
5
-474
571
373
-299
37
333
452
822
-472
260
550
917
611
363
-129
-442
236
-148
-397
-204
905
799
-123
169
-177
-382
492
-361
799
-283
19
-307
-184
201
962
359
12
351
207
-289
-10
-126
721
-165
-452
891
-366
193
-313
288
943
-102
622
-213
555
133
698
879
629
938
-31
-145
-26
998
764
-125
829
-62
-193
723
-22
495
376
277
941
350
50
656
98
817
396
-136
-200
800
128
-368
875
-430
733
-281
779
-6
77
201
-460
-79
-390
-432
295
-76
-223
311
165
103
277
940
-446
66
781
21
391
638
-161
499
-10
451
340
470
955
404
636
828
-488
-384
315
260
650
496
-130
753
345
-356
555
-392
-378
123
514
963
-172
838
558
-454
-403
-28
22
-347
-255
425
-284
-499
356
-63
-70
929
-246
-436
753
372
662
-365
771
82
114
824
-297
-469
597
936
65
-447
452
952
294
-137
801
128
352
95
937
232
29
350
879
249
57
-86
377
954
430
269
-452
-133
930
639
-58
-211
582
293
-475
330
848
-48
-394
395
344
-133
837
722
994
286
-194
571
-29
98
-13
-73
-70
587
848
87
607
333
44
-202
641
184
766
913
-454
756
965
-279
-105
572
-445
284
-67
96
479
-478
110
469
830
931
553
690
713
462
384
477
-107
997
864
-67
-307
-5
-341
-496
-14
-302
-37
802
-324
852
777
515
3
-458
380
875
-310
489
-399
-323
846
-99
-484
-479
941
127
-92
257
-116
524
542
457
560
236
-477
495
-360
-458
714
259
499
-325
326
840
893
458
571
-145
258
41
-153
-75
83
427
420
-442
773
471
449
-140
986
815
85
312
800
633
51
805
190
464
-479
-268
978
556
-119
-374
237
519
-149
-339
-68
440
175
260
-360
-69
715
-17
-158
397
-169
-88
596
902
179
438
247
98
-419
404
-489
166
-194
603
296
566
413
957
844
670
304
934
-368
359
752
476
43
847
123
-328
84
-483
485
39
5
-156
296
521
203
533
442
227
-411
-436
254
310
-477
980
-472
-164
-412
-226
35
-200
-327
-216
546
240
-467
99
556
142
844
516
507
126
642
901
474
-154
-4
-146
-141
372
187
159
-227
439
-315
270
-220
566
-166
641
964
-282
80
-416
-67
-65
895
-394
567
54
-436
-219
378
237
-251
164
192
-226
560
188
556
709
-453
112
839
-127
238
715
639
465
-386
582
985
660
289
760
154
667
425
-175
274
40
-314
-173
-88
574
255
-314
139
930
-194
-6
821
-130
758
-403
499
479
498
573
97
685
273
794
-65
840
422
-159
71
937
523
20
-52
902
536
989
233
-313
385
692
184
-79
802
730
763
-157
937
-143
-360
196
39
256
143
333
348
569
-154
789
920
318
-118
586
-106
403
60
60
607
565
700
181
-390
110
279
643
-273
386
-430
-237
375
42
-437
72
584
365
842
-155
-90
514
297
-479
-135
265
781
123
526
128
62
-128
611
334
427
609
-310
-234
853
603
551
374
150
236
542
962
726
547
-85
-389
918
614
405
132
904
220
487
-457
395
906
596
-464
622
-332
-221
311
918
-433
277
-414
267
627
-219
117
928
-300
174
524
765
-278
-482
386
115
310
59
809
-78
35
747
304
-68
800
-81
529
554
117
87
681
570
905
-7
268
941
-225
482
321
845
434
-405
-217
2
179
61
111
-433
885
-481
793
-413
-169
-25
-388
-216
884
507
902
-33
-394
-185
817
605
496
598
501
630
851
136
417
298
252
297
67
-435
420
221
452
638
826
492
246
-151
256
661
834
978
778
394
342
663
-500
-495
62
-500
-349
149
876
817
831
288
-484
-355
685
-157
968
607
-385
751
959
773
409
-380
872
398
179
312
612
462
302
700
-263
93
435
242
620
-200
-169
-486
740
568
-89
-252
588
-56
40
283
774
683
-265
507
430
-291
-402
463
116
425
-64
841
-473
70
842
116
192
-411
150
363
829
150
-431
763
569
78
550
348
595
353
753
714
-360
-462
-307
-76
-117
109
308
-42
440
239
383
-172
285
561
949
601
94
696
47
733
41
113
607
814
-465
575
271
-133
-277
156
212
-464
-331
307
236
792
247
510
640
602
-313
-121
-236
-485
873
987
456
269
-62
-260
938
309
-152
830
-250
-230
-74
89
-159
-290
213
574
238
-160
147
883
497
644
706
-269
861
314
-393
586
-476
856
-88
-333
-206
627
950
226
-328
-175
799
-422
128
739
547
-242
-353
616
970
-93
122
316
-281
55
289
-345
-116
412
177
205
230
948
912
-164
-164
37
541
-158
397
-55
-45
886
726
-125
-2
679
478
-252
-212
-119
585
274
128
468
299
913
-182
554
937
-451
259
926
280
121
-351
-93
-379
-337
-28
943
596
294
64
375
-57
837
632
368
846
30
-210
566
331
-111
-101
-106
-259
569
889
714
965
447
626
1000
833
765
695
747
635
994
262
125
741
-241
395
308
532
183
979
815
750
369
177
461
567
215
20
710
794
992
643
735
978
372
770
245
-349
944
274
-470
738
-177
-210
679
301
441
-450
959
849
572
-303
173
-31
-267
-280
-404
941
570
766
-328
44
654
-476
540
245
486
620
-383
847
8
854
171
442
19
503
-207
-396
-141
-303
102
371
380
-162
176
899
-171
401
62
873
-7
-81
-279
125
626
-468
666
-286
801
226
245
-257
-331
553
618
-446
786
513
-358
278
-299
853
-137
182
870
700
612
-225
242
287
670
-286
-137
619
645
568
848
-290
801
300
-209
680
637
521
131
635
-388
-97
814
711
-381
453
837
-370
598
598
-296
-264
-396
-72
926
669
-265
-130
-97
798
61
-335
-262
131
811
961
872
349
653
-63
-167
80
679
481
-315
715
-296
-249
-181
-294
-109
-183
60
36
505
-164
204
968
-361
-217
387
-264
15
608
-411
-168
926
101
446
-409
-316
644
-214
-159
131
558
-445
-381
762
837
475
-115
503
465
821
203
-346
862
403
-239
454
-410
-257
722
398
736
-465
93
891
393
-391
205
209
-497
-484
230
718
-474
490
710
193
249
-437
979
72
-361
82
188
586
957
-497
270
-227
869
804
591
-7
-369
-146
216
537
2
977
976
-445
798
842
-124
-79
-371
-66
252
-79
254
607
619
-96
92
423
975
100
954
-66
99
487
582
395
-461
106
811
786
-470
151
820
482
194
108
228
-72
497
-320
805
951
156
-286
-33
656
75
-39
843
-393
96
-220
-221
-114
-119
123
944
155
92
233
802
689
499
596
55
948
593
-367
71
476
-139
35
925
635
-449
-412
205
973
524
-470
220
133
256
227
394
59
488
402
-228
318
866
60
154
-247
-407
31
678
-420
-123
620
858
-370
782
-217
527
91
183
497
40
646
-340
855
838
793
166
724
-238
193
988
-235
-189
-99
868
-66
465
240
586
-355
127
-422
-329
773
500
-144
-442
516
-190
90
-289
-58
-373
149
844
-76
996
-120
-183
-181
887
951
715
488
880
-386
301
316
640
618
986
382
-119
248
243
934
125
41
229
836
-111
-475
420
394
520
607
-365
-480
715
813
-197
831
-183
-11
-146
425
855
124
-366
56
-225
619
674
-204
147
-366
-499
806
72
667
870
767
794
402
110
233
-81
-415
189
59
-133
989
-239
641
455
372
568
165
-204
-245
756
722
409
707
672
586
131
831
283
387
-392
122
-15
-152
869
6
156
300
332
213
401
-396
-72
24
-101
-135
544
269
-33
-195
-324
606
522
-470
746
564
421
-123
721
582
935
651
-308
687
188
-138
-52
955
719
-167
768
540
744
870
-477
244
220
599
25
541
-446
934
-405
336
-67
-444
347
601
148
894
-161
-74
46
626
399
446
274
-347
997
708
390
161
707
665
308
750
-413
-192
713
-330
350
900
555
666
957
438
-20
812
-357
635
774
97
-89
33
-446
-272
395
-226
297
636
-225
369
651
-236
378
597
834
852
216
26
-413
284
26
767
-254
820
-164
848
664
635
100
-292
-328
400
-355
445
209
-191
38
396
-446
928
-385
-230
-310
795
973
564
34
129
91
508
-493
76
145
405
732
125
-487
201
817
932
-338
-441
206
-168
-47
-397
-263
-215
542
395
-386
640
-468
-408
924
550
75
392
-463
104
612
54
-197
403
873
497
-453
134
418
608
-93
-347
798
602
-260
117
148
26
625
407
645
397
-442
534
295
261
-456
856
467
-199
951
627
-406
662
588
-393
403
203
534
911
-397
831
725
548
-489
45
-401
492
962
57
751
410
209
-179
-273
826
746
421
131
627
78
575
-57
211
-307
678
31
467
-35
79
676
439
475
294
520
782
857
-174
-99
-68
172
211
696
-181
-165
957
-440
614
-275
771
-309
768
737
-352
-6
909
878
40
602
-271
-152
879
423
560
757
-291
639
178
874
59
703
632
759
-273
942
-374
263
890
-32
974
830
639
915
552
931
550
505
-370
886
-388
744
-50
78
-463
-309
-341
177
-246
602
964
909
852
324
-326
647
-204
-307
-55
-457
-174
447
966
161
689
646
384
376
386
-81
449
-497
-53
-433
93
421
188
25
146
-435
-35
867
641
18
996
-426
648
-182
844
-443
472
-370
199
-69
723
154
813
-157
-485
-356
940
360
-307
-376
336
214
294
235
559
-197
341
218
473
637
-9
647
490
-371
-61
6
185
-75
750
277
650
586
352
936
947
-109
-297
909
-72
-423
642
177
45
274
925
-145
-26
-361
955
851
658
-203
780
892
81
-58
991
-114
477
-200
799
617
612
453
850
236
650
647
142
842
-276
363
745
786
-205
-72
442
845
792
844
995
272
716
959
636
145
477
-162
967
921
805
73
10
641
-496
428
-245
-416
485
943
-467
790
462
946
641
972
186
943
860
-216
870
113
-321
230
83
658
-200
711
643
674
610
250
-243
-56
-109
404
437
-141
140
-89
-3
-370
375
486
273
35
638
54
-273
561
219
970
304
-411
183
868
398
72
358
463
-389
-352
87
858
524
145
-20
-328
551
-153
-488
784
-448
536
-170
687
-412
586
-323
-380
-208
-150
150
97
892
385
120
546
992
885
-12
-487
-75
502
700
-263
875
240
-366
494
236
160
667
-93
-400
-336
886
882
415
-273
980
-306
449
-193
-317
-250
928
34
-307
102
868
-268
-297
396
-473
540
374
147
115
471
-346
-3
250
11
922
962
250
614
601
-81
986
473
22
608
539
957
102
-440
-143
-186
-397
-28
984
982
850
742
-368
-495
769
416
-31
509
53
-219
-249
962
755
517
-295
888
429
-423
-459
16
840
920
790
-164
-435
-116
236
856
914
374
696
-23
347
854
-224
134
-191
295
666
-390
512
2
439
566
-201
-142
188
-273
40
-263
236
533
392
79
739
689
-15
218
801
528
-27
30
709
554
-275
954
164
82
-259
844
587
-80
584
521
693
351
109
77
140
344
12
669
-374
512
472
885
263
856
87
370
120
35
-48
89
-252
269
371
628
376
406
636
858
638
491
424
-380
-10
340
-458
289
33
233
-23
639
-242
-137
-10
-24
215
-437
477
-474
722
570
884
-31
-317
233
67
647
619
-250
-319
201
-100
-392
972
55
-263
-73
333
323
-306
-74
-213
-77
516
-74
130
-435
-46
-282
304
504
560
3
530
674
950
617
-27
-481
-157
-204
324
-127
-468
-52
-216
615
424
666
6
485
-21
-471
-350
105
544
310
887
559
-205
680
429
-69
564
759
511
656
343
187
-3
924
-449
333
97
105
422
319
463
259
155
570
464
639
571
-285
-187
325
512
-118
930
106
-409
-477
666
-456
468
376
347
330
299
491
831
-422
970
678
-74
559
230
-360
-197
282
861
330
212
854
-427
655
194
667
881
-381
-296
-200
-105
-447
524
865
-31
751
-124
970
579
601
697
727
963
-59
-207
100
-285
-336
-247
338
707
196
692
599
173
745
954
125
705
-206
-108
-139
641
889
918
-44
-468
-497
256
654
685
-491
784
-59
-81
258
303
968
130
192
-135
-151
242
331
25
734
502
935
177
663
-455
981
466
944
324
618
635
956
952
-306
477
-273
-233
459
892
-144
68
758
26
538
-142
847
982
129
858
-436
-128
-247
743
97
-373
221
-67
807
-15
313
-35
-269
565
784
153
-335
299
-431
-262
489
994
-469
-19
425
460
826
479
294
-28
-430
-110
930
-9
904
379
381
162
264
441
-299
-368
922
535
349
311
641
773
-198
-192
-447
151
19
419
352
395
307
896
714
-277
-428
-160
-380
596
-15
882
-66
882
-259
130
343
-237
45
-335
-184
271
495
-226
46
882
-366
-53
183
480
739
985
279
-492
998
863
643
138
249
195
704
298
-371
252
-11
-264
-349
-162
941
973
454
-17
241
-185
488
560
-443
861
-193
796
-240
229
391
-157
532
324
977
-67
312
197
79
-497
411
838
564
417
-346
784
50
437
198
319
234
678
-427
-381
443
108
981
317
903
117
494
799
139
865
379
341
-416
197
-201
956
731
201
734
-216
799
-400
538
558
-404
-56
154
-315
173
725
992
148
366
761
493
305
472
884
63
212
290
689
-215
12
-183
-23
109
0
442
118
-32
320
288
962
112
566
-195
-275
636
275
654
504
669
821
195
591
5
935
-343
397
897
262
767
158
760
246
683
-30
-477
287
940
-95
952
-298
-407
148
-168
16
-379
-206
504
508
905
409
-19
723
737
363
-478
22
200
436
934
303
311
536
987
711
418
-243
-413
676
-104
-319
208
794
78
431
-157
140
-199
160
425
-186
-142
928
50
52
846
-269
-100
737
693
704
-469
968
739
458
395
-167
133
29
894
161
-274
785
195
-399
910
296
216
561
-404
80
-21
401
-415
-81
298
-239
-210
32
954
12
360
388
-470
291
-489
454
261
417
927
-402
299
-215
-262
353
-116
-43
-309
-468
731
299
364
-235
61
430
-316
686
144
-79
-127
769
838
-249
-14
-2
-123
-105
708
244
252
-301
672
-143
229
633
684
-221
-251
-76
169
991
-60
53
-175
295
52
289
11
959
-409
472
529
468
703
898
609
-187
8
614
870
539
845
-208
-276
-173
-347
167
-53
616
734
323
471
549
-492
806
-236
539
576
-246
-18
290
306
-383
-303
706
-199
828
-185
26
760
-433
570
130
753
454
122
685
683
892
-29
882
811
-173
-205
392
-133
808
-476
-269
-411
112
-289
892
780
760
833
-252
406
168
419
420
-375
-48
-285
443
-476
387
147
546
776
100
-373
-437
903
298
-440
514
-380
732
839
-147
921
-428
535
602
396
304
399
-361
-89
477
-274
292
959
973
938
-246
364
875
829
-388
134
-155
876
944
44
430
-200
-469
-430
898
854
460
-353
726
448
-252
739
280
-57
-407
661
-442
320
119
465
951
789
-459
854
295
-206
445
660
341
857
694
648
-309
-331
-379
92
915
-336
281
89
579
158
246
451
519
529
522
-143
65
-79
541
115
757
-210
766
-8
-385
414
297
959
498
700
92
495
-67
-88
944
-76
-111
695
-213
662
-480
-336
447
374
-249
214
-438
983
193
569
820
129
-480
398
481
-443
-295
175
740
-360
393
546
776
534
-359
822
526
917
776
118
-216
979
822
-3
796
-33
532
863
48
-114
281
449
-35
-307
540
-446
192
85
755
-452
289
980
912
844
-469
884
34
-411
794
424
112
835
-454
351
-178
-369
-427
856
920
-80
757
-307
235
976
269
355
42
608
-417
237
530
-44
322
415
95
-239
884
634
449
797
-280
42
336
-29
916
-87
-451
960
563
562
228
221
187
-494
5
411
911
964
317
497
226
462
-444
-419
546
-342
211
728
62
502
573
-87
-404
-69
-277
608
994
-123
-43
-422
-438
809
85
848
378
-77
512
14
-348
459
198
407
-312
557
-330
270
695
-184
298
850
352
-435
873
601
538
-398
15
2
461
88
863
226
-444
877
4
706
-279
-61
314
-339
40
-17
698
945
-12
540
756
888
657
653
-141
982
695
507
364
705
796
506
-439
168
589
629
735
719
-7
-411
207
557
851
310
-90
976
-493
-371
-450
958
521
-1
451
651
245
829
-187
133
-407
306
873
391
917
652
110
-197
584
347
325
687
963
635
-380
511
872
74
-55
39
-298
-320
87
229
-278
580
-421
560
711
332
296
740
363
-45
-322
811
396
-286
-498
630
749
-104
214
772
164
914
936
528
828
79
817
421
-206
-33
484
264
-341
-56
-412
160
469
449
755
229
659
-158
-258
-437
558
442
165
919
-489
232
51
-196
449
281
-283
333
354
785
273
-165
246
943
-86
589
975
-445
733
148
157
-308
495
285
-189
-204
411
808
690
-314
-154
612
-235
452
675
882
-359
-112
-407
529
-223
267
496
664
-398
427
-251
-323
-468
821
14
-375
389
537
649
72
65
308
-102
447
186
343
-432
443
495
397
21
898
790
204
21
638
802
-39
-435
401
70
533
324
-295
170
-408
36
147
389
749
-265
195
927
586
-197
806
601
655
-476
906
577
-391
253
316
-307
272
767
680
732
-401
77
-304
89
12
255
376
603
748
337
-243
816
800
193
570
-249
-199
-212
749
496
-360
281
446
185
415
519
-30
328
164
971
786
-98
271
-245
483
559
14
117
76
122
208
200
-353
2
758
523
-183
597
473
139
-237
-123
-186
223
-264
-129
-381
776
218
466
-200
-469
480
746
-20
461
-159
976
323
0
485
171
873
244
604
891
-177
321
911
978
-291
691
-115
68
103
-81
730
-232
-380
-66
-299
-100
947
480
923
465
-370
-42
440
605
358
891
270
773
325
-187
686
745
406
-193
-439
807
284
564
-53
215
5
-281
-184
-205
457
565
738
-202
-475
-287
452
-257
623
658
949
-262
216
-205
-303
581
-429
44
665
925
813
-294
-309
423
409
662
-298
-455
-362
659
-413
563
-471
182
-103
497
382
220
-264
702
334
873
710
-150
-70
898
-252
-292
538
172
-422
900
-377
-319
37
-142
902
70
723
-442
68
-42
-38
490
847
785
-275
931
581
294
918
591
927
831
993
725
-396
178
900
-369
799
562
-379
960
723
98
-9
314
143
-314
870
729
609
241
-285
937
-94
729
570
730
-312
753
478
641
-47
858
-16
-471
-428
336
665
66
328
-253
409
-271
991
-280
979
22
979
254
244
-170
-216
361
860
-301
-99
-336
534
-373
-171
-97
248
494
-159
313
756
34
52
-229
-70
-407
158
821
950
271
-451
-69
337
401
954
3
571
-6
768
-9
-80
4
204
32
43
501
864
787
251
-209
-4
83
-408
-186
439
-317
532
162
-456
-153
942
810
582
-98
-38
659
519
351
647
376
-39
843
909
176
858
-389
707
87
-90
-361
204
-133
663
250
-368
-426
-108
849
825
77
978
864
-239
620
-471
448
-329
-419
-38
855
741
880
-39
496
-371
-349
192
326
-158
64
504
886
643
739
110
-61
830
443
188
-63
803
555
605
164
865
580
409
277
-41
128
-198
10
-191
434
536
394
-418
-217
783
566
-156
487
111
574
-276
-128
-276
-86
737
-276
-367
626
682
-201
951
51
-388
177
-180
208
896
27
627
512
487
-44
-471
623
39
543
891
239
163
-259
164
152
454
-305
-415
-212
-264
262
454
364
696
21
248
688
850
-403
155
235
405
16
718
298
75
806
160
-3
-165
153
308
920
-97
-83
645
216
-365
128
5
261
471
666
-380
97
753
676
617
932
-457
104
246
414
480
483
-304
38
-38
703
-188
-437
782
596
824
-169
382
-1
58
-426
-342
201
-44
35
-424
867
489
944
-108
828
182
-454
611
792
806
995
-264
682
71
-20
272
-479
19
-80
36
-373
-174
652
-368
221
232
466
611
846
884
1
592
861
786
837
-43
673
228
135
520
121
303
140
746
-266
456
861
505
13
258
441
-149
616
-30
-463
-438
882
521
640
72
329
597
787
-358
178
-233
699
553
-5
920
-37
721
569
-227
-357
-215
333
828
3
342
77
-399
764
-78
-122
212
469
924
-54
935
342
249
-460
137
787
684
-419
505
-5
-217
660
927
523
-194
90
915
-443
804
-215
872
469
474
304
832
-175
739
-434
930
-307
939
677
621
793
272
322
302
105
614
882
622
664
16
-401
-402
-463
925
315
-6
65
234
-474
-258
-277
432
895
449
-474
446
872
121
425
36
-114
561
817
-356
-482
920
784
867
463
-387
105
41
-288
-157
215
-233
-352
854
-289
222
661
657
382
-72
685
-72
208
-154
432
808
77
-373
591
550
827
698
-447
-499
801
302
-455
452
229
709
-111
-304
327
-315
-286
962
378
263
519
-66
20
605
-291
774
-435
-269
-62
628
943
206
-37
890
-374
847
53
-181
707
744
400
786
679
-381
165
656
-157
19
-126
-389
890
603
548
-191
542
-390
208
989
969
-185
-231
720
101
81
-286
-212
68
-136
-455
14
-31
696
-479
325
807
502
371
-305
930
914
668
504
-447
-217
-156
124
684
-19
-319
366
968
-315
-105
712
934
-198
940
-351
379
-408
-130
-264
206
284
-78
-156
-151
142
862
-366
-130
-98
837
-434
-427
679
928
0
108
709
529
-408
834
923
347
-279
527
-57
708
497
731
242
-385
674
608
-157
-414
826
136
928
-470
-45
-123
336
854
202
207
-450
775
574
-109
556
190
-172
503
-210
-391
508
987
923
148
-56
705
289
290
947
-189
395
974
954
482
191
613
339
-91
-245
668
-338
-347
-75
656
375
922
260
878
824
438
684
-227
-203
124
972
285
38
628
-373
-413
32
-89
693
-32
672
485
575
160
166
-46
798
-15
-186
251
976
-366
-24
930
-130
100
576
724
485
902
704
245
-128
97
-108
910
631
781
526
-428
133
692
632
943
491
-69
645
979
-38
694
168
998
-10
391
650
-54
794
14
437
-207
-275
-406
209
876
-96
628
-475
442
-217
621
942
-72
-406
661
89
650
335
123
919
992
-158
-144
187
701
9
357
13
555
577
688
715
941
115
-107
967
-224
482
-163
752
597
-6
168
-235
-267
83
795
-213
397
-166
277
-210
-373
861
790
-193
469
765
301
992
-48
365
158
203
447
-68
157
-54
815
671
906
-230
-190
947
-53
733
30
461
-466
423
383
-247
566
404
-106
743
-65
397
206
-393
458
911
372
681
110
535
-248
512
649
57
571
-364
208
-308
-315
-359
364
-151
281
-267
-488
-325
346
665
681
130
832
123
732
512
221
-414
887
689
989
80
-40
66
110
-141
-467
84
-12
743
-357
124
521
495
695
604
-453
446
455
-351
-207
112
871
-327
779
-421
250
813
520
-32
-251
-301
-248
203
341
47
-403
-145
563
-61
145
115
148
505
-437
-415
873
-155
34
883
-114
412
615
228
-56
-99
201
-363
-220
851
280
339
-231
223
207
-220
-92
528
837
780
521
300
105
-97
0
-263
-226
480
774
461
781
-419
-305
692
-32
-485
-214
479
192
53
234
-333
101
151
653
366
-264
875
-483
-400
705
788
-77
815
-166
98
-461
842
832
11
238
-223
413
610
-446
-374
-143
220
821
-421
155
78
-217
207
454
-119
631
770
-499
590
940
999
387
639
29
-140
239
-205
-199
726
796
-180
-71
-232
-377
-415
-234
421
171
551
-297
-402
-413
350
756
376
456
670
300
943
-325
-159
994
-73
-210
297
259
-297
976
166
-40
891
218
125
51
-131
737
34
17
914
-271
536
-208
212
636
479
820
213
92
570
-125
-17
853
947
655
706
264
969
944
4
272
-304
-423
517
419
618
933
-213
507
-153
-17
629
310
84
-122
-280
973
837
-260
847
525
813
775
164
142
731
544
294
-80
532
-297
481
689
-383
245
-81
439
346
755
-164
395
65
824
59
698
383
643
765
275
861
-336
194
10
681
-331
-9
286
53
-225
142
-291
654
102
439
736
325
586
-361
-48
335
964
822
334
-485
-110
871
415
912
-73
413
980
841
887
916
541
461
-402
282
-335
-336
386
271
316
329
-279
-22
761
62
-418
-349
-213
589
-254
-287
718
86
-307
922
816
-456
710
-139
745
122
994
433
101
-471
669
-173
-430
841
-230
-281
-267
-417
12
797
362
221
-167
264
750
934
822
307
-99
-400
798
-102
926
566
-426
524
688
-443
-88
100
504
-369
149
-191
259
605
553
274
-243
-150
151
48
5
-15
-338
506
812
312
-261
460
993
230
-245
-456
210
-28
-418
770
150
-353
-418
709
455
580
-318
721
-100
49
-383
891
728
459
396
-286
78
831
840
894
-343
-305
-76
48
-461
-437
944
197
43
58
-311
-499
-148
-89
241
166
837
878
-345
32
-198
-352
984
813
83
775
271
266
-494
244
227
-462
-320
416
-253
42
641
328
973
-498
-161
894
186
629
518
901
-40
-13
230
943
259
414
-228
-282
-214
923
-459
800
-255
-112
786
845
723
601
664
-221
253
-395
866
490
843
908
421
262
436
-234
-463
-461
882
631
260
840
16
-460
123
277
859
-418
-467
-46
725
47
-135
-255
930
-104
-212
-429
-96
-92
144
-168
-333
-19
394
671
466
187
296
228
126
-102
-289
-168
-448
834
729
42
811
571
-481
309
-387
-219
817
1
807
675
651
-33
79
-121
89
-203
-178
-377
121
684
992
390
-121
16
362
478
610
775
82
-460
60
379
543
-340
211
382
79
99
443
-40
184
-319
800
574
346
306
238
-369
965
-321
614
766
314
-152
-102
218
182
-171
228
245
793
809
-409
412
-410
-198
528
-250
135
356
916
-413
-233
-55
808
477
570
-289
553
512
939
-438
-434
463
713
-431
-158
733
456
522
2
-428
709
409
609
-198
240
345
-443
-125
892
539
120
199
497
-380
718
-234
19
-90
-474
594
424
588
-84
331
596
839
-373
-499
25
32
997
380
-303
-198
-56
-163
918
153
323
174
-85
715
-244
351
-66
960
979
-452
6
-485
886
96
-315
661
580
338
-220
505
69
956
764
802
311
78
499
-147
612
570
635
435
424
339
-75
-224
-439
738
-456
546
992
-486
-427
894
167
710
829
408
211
-390
473
492
513
846
621
57
838
-82
-96
-346
141
235
959
831
-405
612
-162
870
-478
-221
-49
-350
-43
-236
747
900
-453
577
690
747
-2
965
208
726
-107
-434
509
670
-473
-370
611
-83
-166
445
-180
60
402
-375
-236
150
279
395
267
707
157
-265
-243
900
237
240
863
-87
918
-479
-162
368
691
-374
-57
-184
302
-54
-18
826
-391
923
83
-438
728
612
630
934
-372
492
-81
436
-236
878
740
-351
266
879
421
444
56
774
995
781
202
499
106
-96
-9
-360
-290
-70
-243
-183
-484
-263
233
800
85
911
-491
-245
-434
765
672
-179
59
992
-451
-276
90
549
-166
593
-492
439
58
432
133
150
908
961
222
-229
388
-211
-140
758
316
178
-405
870
594
224
791
-196
688
108
-205
786
-175
670
212
336
-357
998
881
-428
217
-174
-446
553
542
983
-16
931
120
-35
796
445
584
819
455
-124
687
564
361
224
355
98
-465
-28
157
555
-360
480
72
-196
950
260
661
-218
12
871
-20
995
-342
-16
228
78
309
664
-479
320
882
921
225
554
339
976
-91
-266
346
780
-232
-112
-198
-333
319
587
767
678
102
658
-336
-213
100
-208
765
662
40
559
712
292
-356
997
702
953
339
348
-63
978
951
-160
236
-166
-207
875
536
-423
846
-476
-341
997
886
179
261
-130
-296
771
138
656
775
964
492
497
-15
4
382
591
944
-445
227
-478
-251
-383
461
-305
857
44
410
72
256
-403
890
-89
635
-74
37
-60
274
582
-49
332
360
336
-473
881
-213
813
259
823
-56
881
816
12
661
-148
-306
-278
-315
524
32
427
850
147
128
-374
185
-307
669
-16
-132
63
-376
676
757
-459
-99
290
-417
888
69
501
958
582
54
-235
255
367
711
203
10
-95
-398
192
305
-252
292
139
-450
507
-8
125
69
703
-422
965
777
552
386
-392
-188
-491
-299
535
135
105
-28
174
313
-150
-432
-173
43
780
528
145
-32
333
576
965
-404
-400
533
46
719
-357
-176
-287
434
458
414
639
136
310
171
593
-178
336
-104
400
812
337
69
484
66
708
626
165
-329
202
735
477
954
424
323
-487
-251
515
377
649
-280
-209
66
222
652
660
898
-6
747
-73
682
866
922
-437
-67
-58
518
-318
766
44
283
715
430
262
509
847
-342
973
794
-460
910
83
311
964
169
4
-432
-306
-91
398
861
756
964
-94
937
-404
871
281
200
-51
841
-494
728
648
-66
-139
-73
679
-53
-13
-279
-492
150
-205
190
584
98
569
401
-274
761
661
570
409
-289
651
785
-454
-436
-76
66
-181
204
713
160
-177
597
960
856
553
324
-392
609
878
-272
161
51
396
818
-103
-283
243
-343
539
-168
-456
-350
509
556
484
234
109
-343
661
217
381
503
597
183
-364
905
-219
683
187
195
285
-429
982
365
-245
120
-357
654
150
-214
828
973
898
234
-175
-95
843
829
625
549
-160
-34
230
-229
695
-276
-9
-478
-427
-67
44
270
936
404
527
-497
880
-137
531
712
-203
332
-136
100
-308
557
458
976
567
236
-70
761
-333
-442
141
201
293
899
-324
397
863
178
983
34
987
-383
6
862
663
-406
165
612
448
32
-482
-199
490
876
-436
775
745
393
782
823
-125
9
514
-131
967
565
811
37
994
-330
-106
732
-284
-497
65
891
-101
103
-372
225
614
313
808
837
885
105
544
-213
780
721
990
683
345
815
43
-343
983
111
901
194
-296
880
416
-226
845
353
240
-267
958
881
-111
559
-68
272
144
459
-51
842
-28
533
720
902
-188
240
193
578
290
71
504
988
421
540
-227
200
334
213
161
998
-329
-9
-440
863
350
-431
-184
385
265
887
10
559
451
891
951
316
515
375
766
841
-92
147
892
-195
492
511
774
347
-104
183
-81
-35
-48
79
692
297
-80
670
-408
283
89
-296
100
526
744
829
-258
-309
132
-182
761
-223
483
-420
196
203
-337
566
72
-366
705
-384
-417
805
540
-331
707
98
473
327
849
360
-143
797
206
-461
476
486
696
731
506
456
963
633
242
673
791
887
611
-214
504
80
-458
167
311
-360
207
532
-437
-371
724
354
367
-227
938
116
960
935
506
-163
-392
393
-305
620
657
-326
610
-99
300
998
524
888
969
719
680
385
-463
532
581
697
301
-420
268
339
572
519
349
-438
753
774
-232
91
399
-316
292
890
151
234
651
461
777
-65
-153
-38
651
329
748
372
216
-86
-36
997
-59
144
-217
416
-163
882
449
114
522
198
710
988
985
-294
742
-11
706
789
421
-222
-393
-129
-13
628
754
258
719
754
419
-84
471
166
-66
-24
351
102
456
603
-299
165
255
354
603
-301
707
-206
-144
780
18
713
-363
457
512
638
792
-348
167
371
-319
-416
-203
-385
-266
505
-460
188
194
429
866
78
544
-171
126
-343
-238
569
540
523
205
687
391
300
139
782
21
287
615
79
959
572
-25
-260
234
990
354
59
-52
-266
921
479
-296
770
363
-293
919
929
104
249
26
-28
-426
815
-402
666
917
906
642
305
618
958
854
670
-427
-268
-100
968
359
950
851
-45
698
-438
-323
914
598
364
-158
-135
113
435
849
-37
-446
121
-181
899
-354
-388
900
-481
459
28
198
719
579
260
220
-379
-82
99
90
816
-204
-310
983
556
56
397
566
596
827
-124
37
777
-426
642
-434
529
795
906
216
-200
-276
-138
-139
445
-198
917
432
-120
-212
275
146
-363
261
105
-125
802
293
-422
390
18
65
785
656
-405
938
686
54
598
297
607
-257
-465
164
-318
104
918
569
812
530
676
-303
713
-239
-131
591
-131
495
329
-105
217
364
393
468
-313
428
229
839
824
-114
586
739
519
-434
-357
-156
-317
-64
816
-296
200
739
-313
382
423
-255
-191
-52
520
315
-219
49
982
-319
750
-461
449
499
258
506
574
-424
-307
-197
954
-329
-150
-369
221
826
865
-381
891
960
231
-294
29
-156
852
-402
-338
-467
987
649
426
394
-70
739
-261
-311
85
-317
33
991
334
155
693
577
-166
-350
646
-410
-126
104
198
-424
982
373
745
41
44
981
-266
37
367
953
829
-206
-203
-317
541
-44
485
-466
229
-15
-359
675
552
74
101
39
680
158
494
17
-278
435
988
-131
909
17
370
993
-376
676
856
447
-278
934
-159
384
795
142
582
-414
-442
311
422
374
144
-184
663
-498
-487
590
879
838
724
-26
-33
361
248
-310
808
363
648
974
116
-277
-389
-422
915
524
719
438
-268
859
318
736
-343
-323
-9
905
133
445
-224
453
-4
989
950
776
870
434
-127
969
624
-496
731
793
396
683
-386
517
-367
-390
265
848
158
-196
-132
-64
193
-207
-10
86
309
889
161
133
947
908
-107
232
-18
-147
75
809
-61
463
-125
-184
120
895
142
214
535
-234
4
300
806
540
283
-205
420
852
90
320
118
-393
223
21
255
-330
466
449
946
621
73
234
429
395
902
-464
43
-454
-69
-42
244
672
704
901
844
768
-475
411
57
-28
736
992
-341
541
28
228
128
499
21
-482
277
840
453
292
-11
-440
-407
-201
-35
-195
103
551
24
-181
437
-21
98
416
87
61
411
903
152
45
48
925
697
-34
441
257
-498
767
150
753
-42
562
509
-208
851
-278
272
642
257
-154
954
625
691
-382
606
72
128
70
-148
529
283
192
339
191
431
670
794
342
-365
-414
-499
618
690
417
327
93
-98
-112
500
808
977
45
888
-274
-178
872
61
183
619
462
-499
88
-449
-280
162
697
131
-342
3
-72
143
113
212
51
755
609
812
118
739
871
-339
248
-377
539
507
754
911
615
135
324
-180
423
925
-159
-179
-405
310
998
379
219
851
828
-362
-265
3
-280
-160
-307
-429
738
457
-394
78
785
-201
997
118
469
724
331
-453
-477
700
951
959
-490
-262
26
-204
-350
283
-5
649
847
751
-1
689
812
371
118
907
783
-472
-427
913
-129
-119
-164
289
156
336
-219
-318
936
278
489
897
873
154
689
889
594
-93
-126
556
315
797
461
-240
410
846
645
892
618
996
321
-459
-254
-368
202
178
880
783
878
366
210
-219
978
821
-150
-126
-414
209
576
442
-188
793
-329
771
698
117
-23
306
667
-258
-446
27
797
-98
634
739
-48
-147
-280
81
872
85
-424
-137
65
-235
645
991
358
406
554
-409
58
-495
949
-407
555
61
782
853
237
553
-242
806
-437
-374
655
827
-359
439
416
-192
-28
-150
350
-421
131
74
980
637
930
550
312
232
480
-5
706
61
655
587
889
-449
7
-377
701
613
681
370
322
907
370
12
-7
-81
973
-476
-457
-192
336
1000
414
131
883
137
839
282
693
220
292
345
-389
475
341
743
-169
709
495
997
798
378
149
659
164
901
438
994
965
915
658
305
724
303
-19
269
-347
731
151
538
642
-359
697
-484
673
545
565
547
974
-467
529
-397
-150
33
782
491
961
-309
681
765
-75
-411
737
561
304
229
463
-41
396
905
805
575
69
376
648
126
832
-91
-466
134
-425
24
255
-28
82
-271
524
289
391
-445
-47
-326
549
-400
578
-328
-368
757
158
397
400
-90
959
-195
382
635
859
649
708
-60
961
794
-158
899
21
-145
-401
-331
796
991
-467
896
295
887
-243
-143
-236
99
142
-183
622
-365
384
-217
-235
976
349
222
-111
968
932
-190
900
-113
-384
789
242
444
923
-372
193
-485
-454
180
348
-89
102
541
-45
409
404
-26
-26
490
-12
700
655
189
-448
750
-477
869
96
846
-6
881
497
-407
-62
-78
754
790
-140
-498
-138
164
630
-434
63
-143
-445
-73
684
479
831
408
295
784
629
754
-234
171
529
938
-432
-411
-489
160
611
-290
134
743
921
148
-468
227
925
147
-302
423
-424
-33
521
-59
346
677
402
532
-343
904
-90
380
249
891
-363
-189
-388
579
54
889
774
-193
-54
998
359
-123
689
40
485
-480
39
885
693
895
0
-327
-365
298
93
423
362
-399
219
-418
272
-201
-287
783
-472
-327
318
-108
454
960
679
265
474
310
385
939
497
-127
-40
-396
736
215
-412
92
-467
222
-435
659
-374
-98
771
919
-482
882
38
314
758
-102
856
211
568
-210
-228
-173
76
187
468
-434
691
-413
859
30
-269
516
186
472
585
-352
-332
-465
-115
810
239
-160
817
582
-90
352
61
994
699
417
271
-214
294
-411
-336
612
185
637
572
-429
770
126
546
953
-237
-214
608
788
-306
-84
959
37
338
784
171
271
864
846
-361
835
834
221
655
1
-270
902
-425
411
-280
494
-26
155
169
-369
-282
104
-270
-120
325
471
427
474
728
445
183
177
555
-149
555
-286
575
599
-446
669
-491
-402
460
475
-346
770
155
-405
44
104
-247
-127
-204
168
454
-429
-14
1000
-61
722
-107
-230
658
-67
-428
220
245
897
190
826
168
-249
844
861
-336
-101
462
814
259
962
73
405
-440
358
-337
891
-316
506
-223
901
-414
946
548
663
891
310
-219
-191
47
-179
313
406
-405
525
216
567
248
700
297
662
-314
284
575
88
363
736
53
-382
938
472
-277
-228
224
67
-463
107
672
607
197
22
295
714
290
946
924
450
65
77
-496
631
869
313
-19
501
784
152
-322
978
242
587
354
-393
856
381
239
682
689
127
927
314
-158
-247
111
-212
134
851
-104
863
-139
-476
448
-421
474
-230
661
83
411
129
-214
-378
229
-143
33
864
96
7
149
831
-18
878
951
247
-411
-354
255
-143
86
-480
-240
-220
532
39
-352
321
662
-142
212
173
555
-3
692
-110
-218
165
-360
474
53
378
237
-386
117
539
30
-35
734
-147
-353
-246
-421
-133
-217
-373
-457
403
165
-63
772
16
271
17
829
-405
332
414
296
-197
607
256
511
340
946
820
420
739
842
-67
-458
540
811
348
-159
415
-14
-420
593
164
-423
-400
-358
131
661
-284
11
-190
383
45
-198
645
339
523
48
597
696
692
58
-268
-50
-358
899
361
597
470
-149
179
382
555
164
923
-438
947
-88
350
9
-257
265
633
870
449
791
-426
-475
263
278
-482
269
958
474
562
266
679
595
-468
-313
755
-316
155
198
-250
-463
-367
-158
768
920
36
-213
557
524
436
504
675
373
897
-405
-331
156
13
15
646
-52
-280
-441
532
799
706
617
472
824
598
871
625
740
212
293
-481
318
243
192
527
172
203
209
455
884
240
-322
333
-156
-92
-437
591
32
-42
256
-103
891
315
982
390
135
-437
903
432
889
20
908
128
674
-343
163
-205
371
23
-217
-166
-412
39
-202
615
-305
-126
-437
637
905
-47
523
864
518
770
139
836
-49
351
637
3
-64
-392
-341
510
892
108
832
-428
905
185
247
-370
281
863
697
382
331
-452
248
-215
-420
109
82
775
65
813
617
-321
38
450
-172
756
-44
51
-321
114
602
988
119
-366
282
845
555
467
240
577
362
404
89
-187
690
62
-66
-441
669
919
938
949
476
175
-61
956
190
415
-170
487
481
866
998
23
953
-391
-39
174
-151
793
802
-276
897
348
-87
-228
337
251
9
-475
59
441
-101
674
-149
51
-353
-444
617
583
702
131
179
472
-333
-371
296
997
136
838
-376
705
635
-37
-360
371
840
456
686
616
121
461
-182
901
754
-342
950
511
919
956
419
1000
929
823
480
929
213
65
-46
978
-152
768
890
-456
865
897
-404
-249
803
704
955
811
85
-388
-343
308
735
861
274
844
-78
68
584
589
359
662
746
-250
911
515
172
-286
-236
257
911
673
-164
169
748
-181
583
-444
-434
332
519
208
231
-103
-118
817
469
-426
871
467
630
261
665
771
-404
515
-110
357
-122
972
-406
814
-88
816
927
727
977
579
757
675
469
287
-51
-389
-375
514
-31
466
-435
255
925
681
329
-47
56
962
562
965
-311
671
-355
265
-65
730
558
938
239
978
-483
270
414
858
806
-289
818
896
339
961
265
-166
624
-115
288
777
649
-83
495
865
528
-245
-224
363
-64
857
668
797
-153
-279
-301
800
730
854
-253
-500
15
334
-260
3
823
-172
-459
697
-122
42
-214
653
756
271
106
-453
-233
-394
803
27
891
365
-96
-254
969
-42
-168
-264
419
-296
812
-137
711
-44
337
-491
950
543
401
990
-240
113
-129
188
968
181
-463
814
-212
934
-385
698
-110
-94
737
188
287
-262
-126
560
-248
350
-470
-98
171
28
-124
70
-64
-394
-257
-287
-286
-27
711
-228
47
-26
-30
989
-456
-294
245
978
419
615
873
-238
185
-56
943
-20
586
686
486
442
-362
267
-479
311
313
-342
195
757
799
214
621
698
-364
672
-182
672
703
309
581
-250
-316
773
-251
-230
16
-257
422
176
558
348
-328
158
844
351
-334
557
136
733
128
-230
12
279
871
279
125
969
-127
198
592
344
971
510
969
63
-440
9
379
375
846
339
676
996
904
-373
-364
662
583
-363
-417
386
505
392
-266
634
750
-45
599
98
405
330
-415
-355
506
-217
-354
947
-464
878
564
532
105
760
199
-134
-196
650
595
-404
-71
846
450
400
-223
0
-25
883
-151
905
125
619
583
29
-429
217
242
-436
849
680
-53
471
-425
678
565
958
341
731
182
-500
485
179
302
218
994
955
36
-290
288
537
-377
134
-13
-143
591
916
-182
326
454
-173
-483
775
648
783
143
608
734
-339
-292
94
47
932
424
182
318
76
-365
-398
-251
713
-103
864
73
511
-339
702
-301
246
-336
609
856
486
-184
-390
315
-130
550
928
830
637
956
568
454
637
866
-143
207
450
260
926
952
341
961
897
688
792
-427
226
108
443
952
937
447
260
932
38
854
-91
-16
882
644
241
448
495
-499
89
415
-439
975
723
517
327
883
369
487
-499
-444
531
-449
79
-233
703
848
-412
324
878
763
655
157
-165
588
-324
432
474
-68
462
322
636
-64
-22
529
589
337
-21
205
622
642
-61
-63
-468
-46
725
876
-135
877
571
858
788
-446
680
-85
843
-396
123
-168
-264
351
493
747
756
490
-335
159
-200
-225
688
-101
126
757
310
874
471
169
93
571
224
940
124
-128
-67
-435
377
700
-447
427
696
677
444
550
-307
-478
690
110
506
-403
335
462
912
-35
-419
916
923
-438
548
-439
7
779
-41
176
736
435
666
661
823
-43
42
725
305
600
906
160
-8
729
102
-195
951
-396
895
-38
850
190
-405
489
-487
929
-151
744
837
403
-74
-439
-225
920
182
-464
470
-367
-132
798
-259
937
325
112
260
952
707
865
-215
342
365
-475
807
403
239
490
969
486
138
343
-450
50
-210
-352
915
318
419
-480
0
376
646
741
994
644
-410
352
-195
-134
42
235
629
349
936
625
541
317
603
120
516
875
417
142
747
939
439
519
593
708
-112
376
791
326
36
919
122
89
172
32
-11
824
822
710
-184
-157
-405
321
669
595
392
-146
760
928
-394
-112
-21
375
425
-288
2
640
969
267
783
-26
-28
-490
-8
355
84
325
176
45
242
419
47
178
366
308
-474
438
616
-411
-18
-348
413
326
-140
-334
-239
-401
857
54
-239
-339
234
81
526
-125
855
36
344
189
848
-191
-372
872
937
918
770
775
799
-278
-437
344
966
233
993
534
472
-204
423
-420
-268
536
769
939
-302
423
1
550
473
981
871
-425
199
-349
-90
-157
-420
211
-428
119
779
334
806
-283
515
-289
-212
-223
749
66
202
376
21
283
116
474
529
549
-469
251
-211
161
647
74
572
-440
-425
760
797
352
-114
297
944
-480
-13
-286
-320
767
662
-8
693
-224
-125
-28
746
-147
686
807
-242
112
8
-286
60
570
-152
430
636
660
-351
447
601
-226
-300
662
848
-432
439
-402
-345
-218
40
675
-456
795
753
-148
153
948
-357
48
331
456
-353
694
-193
951
-301
-130
728
556
256
640
-35
-476
-328
-73
797
-5
636
473
-207
-481
-443
583
5
956
490
146
124
793
395
-327
-459
-407
-165
-191
205
-280
-66
376
-98
-414
151
658
-369
-7
680
18
529
633
353
-363
598
-480
613
-144
-149
-136
-19
211
140
343
-441
-46
229
317
717
423
-419
440
162
615
-60
910
-195
16
919
43
319
373
-158
822
639
947
410
429
795
808
-14
486
1000
58
167
-105
-208
826
-416
-335
831
53
-136
-487
452
899
-12
911
477
54
135
-176
961
557
-411
21
340
403
599
39
91
705
408
173
212
284
271
917
871
957
-319
364
150
13
43
-172
223
-45
94
599
-173
686
-438
141
-143
464
-397
736
559
-481
520
886
530
588
104
567
-383
-307
-47
595
-33
760
564
-72
130
869
505
-342
744
278
645
872
331
283
104
-246
270
-178
818
68
452
-355
86
434
-386
-104
609
131
-297
629
-18
30
58
-370
-326
531
-55
-238
988
521
616
55
785
918
364
866
-35
931
272
142
498
784
-402
66
386
688
578
-483
418
740
12
632
-366
501
734
-498
-211
-93
825
795
722
953
880
-41
-318
131
-440
-294
237
-137
914
787
639
277
547
794
808
-159
279
183
924
307
414
371
573
538
23
-122
213
789
-375
191
-202
340
-298
368
-326
-495
605
26
-352
296
-325
-138
276
216
255
454
320
360
574
391
976
905
131
639
106
-479
204
849
47
477
-79
109
933
-241
221
-163
-77
64
245
-331
734
813
-12
-211
-56
872
181
334
368
666
230
789
400
915
734
-221
-117
-147
-340
-360
683
-363
681
832
416
-334
-133
281
437
546
599
871
-353
820
-436
376
182
173
-483
508
356
764
482
-273
160
-60
873
-384
-209
-78
-222
-13
154
-366
771
-236
589
595
-230
641
581
633
-83
-373
666
-120
282
-473
-333
761
-194
-83
490
904
650
546
-418
-247
456
196
827
538
630
879
-354
91
271
924
595
-318
-251
981
10
432
152
531
583
457
343
673
582
24
985
94
229
960
894
886
396
-177
-258
423
116
-49
1000
767
-29
704
989
705
727
70
424
629
-492
-111
-318
312
854
-105
-50
399
526
375
-312
665
-281
488
-308
-142
-332
584
-165
558
-64
105
-224
913
313
566
374
248
-172
82
-287
-108
186
437
717
241
966
0
736
697
-3
194
389
713
680
-337
810
301
-7
-303
-323
699
158
-311
120
930
-3
283
122
-341
-498
-156
-3
19
-379
-237
-110
-243
-298
807
-404
-440
77
459
149
475
-276
521
141
36
573
739
-117
16
81
774
653
970
-135
111
980
-342
392
723
-407
-295
38
108
820
-84
-210
336
647
-318
967
-186
-282
491
172
52
64
402
974
487
861
198
-199
-124
800
205
-462
376
-402
-130
-500
22
-284
889
-324
244
895
485
-313
-162
-231
791
-186
-233
-243
919
77
310
-370
807
143
262
437
876
-43
-346
-169
414
183
605
601
294
755
-477
-407
-276
-293
306
30
668
710
223
-384
309
542
-433
-255
778
234
-135
547
493
887
323
622
739
14
330
-392
650
368
-87
629
-315
-371
977
652
-120
-288
388
9
-427
402
381
-307
306
216
75
925
-44
-404
-381
56
112
73
-436
-57
79
-107
-311
309
-235
188
665
-183
737
133
51
-306
-322
98
997
-342
621
273
907
541
227
753
-495
119
942
-26
866
27
-44
292
803
983
-416
939
-143
183
120
104
727
319
-141
112
524
446
105
-403
-357
-486
-140
-287
865
411
157
614
-71
721
-287
-381
831
528
548
160
404
79
504
341
556
756
385
684
988
40
-25
-74
-80
706
684
699
641
-447
99
-243
520
391
564
-60
719
730
-200
711
-496
-282
565
216
564
641
139
854
-464
194
-33
-445
209
-95
-230
23
298
736
-228
317
23
630
901
-355
-305
134
-202
-96
659
360
-288
303
280
-89
-110
-191
841
732
-394
319
-25
137
417
-132
-438
758
152
920
119
678
541
777
77
-419
972
147
522
104
44
-395
448
915
398
-393
585
736
365
-215
612
381
-40
311
932
739
461
-467
968
-285
764
201
906
-187
955
402
-383
777
-70
229
-127
729
-66
820
-481
74
904
-39
-345
275
-398
815
682
447
-299
826
-366
793
157
977
750
-301
749
-22
625
-87
-299
-103
9
758
788
888
215
-323
517
776
509
424
595
584
835
459
-112
118
952
-35
168
538
-387
550
-433
-158
-220
526
-296
409
-72
102
328
-16
815
612
283
-134
-189
-291
246
238
413
332
805
-68
-352
543
77
517
-360
-183
77
-217
308
764
745
-115
623
-104
0
-14
-195
322
-159
-156
-428
108
224
-148
958
-37
489
175
13
-94
998
743
680
69
293
368
-114
-336
303
240
-194
738
526
1000
28
-23
-269
353
-265
964
-84
643
892
957
-483
174
612
977
822
-437
-77
-203
-341
258
180
-234
102
-205
399
678
578
204
946
-152
465
-254
781
-302
602
962
287
-391
697
347
-186
652
-24
-336
-129
943
169
29
998
418
142
641
-478
393
123
670
300
-340
-95
638
-287
599
735
-269
265
236
382
-346
-310
-208
-223
-201
570
131
656
-12
874
925
565
394
523
-476
625
49
-308
152
848
-345
387
321
-274
-44
306
527
-261
-187
397
347
822
746
82
125
587
573
214
760
319
871
140
303
-258
374
-269
830
-87
-416
-320
95
-162
24
541
-476
506
433
938
-252
-425
-351
42
-478
0
316
680
-148
688
45
-427
-418
303
583
331
577
-36
404
-215
374
60
383
-395
950
-79
449
651
204
-48
-238
-104
-239
254
461
907
-389
-349
-11
931
569
-264
998
-133
-170
-326
452
122
-33
-309
-375
309
308
-261
931
437
966
407
921
729
-466
-40
120
818
521
241
547
-411
430
738
410
433
345
-340
576
-395
-85
744
805
-91
-108
-409
908
-217
414
423
426
772
-335
723
692
445
-405
665
-455
460
558
967
-116
958
-63
913
447
-110
-69
439
726
852
558
840
939
63
386
-250
258
-301
969
136
605
900
426
812
864
523
-2
182
380
-290
91
-370
146
-297
-22
-272
24
907
146
919
355
-366
-359
642
243
515
422
547
498
577
-86
874
604
128
760
395
390
-159
426
156
221
330
544
-92
775
726
645
389
394
727
387
165
-283
749
300
825
738
136
480
397
865
202
968
300
930
724
897
838
-110
-195
-291
950
-257
771
568
-83
-381
369
875
435
858
-48
488
43
-33
474
0
62
207
89
964
-484
175
441
525
555
317
-221
-440
790
598
-212
848
144
855
489
-240
-290
-379
-174
415
98
225
543
16
947
387
2
-301
848
-244
-28
77
142
-467
463
264
-154
684
299
-236
894
224
175
907
39
121
905
934
949
147
-157
-178
311
398
-130
546
676
-210
984
734
706
-436
601
-324
516
360
-227
-208
-225
643
447
-445
296
-2
933
523
936
539
988
-156
-492
-249
-239
-117
628
210
-346
-470
-396
32
-257
650
944
853
-353
37
-349
-110
-309
858
183
71
443
693
-179
100
761
-221
869
244
880
-202
847
-206
-132
-154
904
294
-441
100
841
943
47
-265
800
-418
679
168
-433
742
-219
826
-281
726
755
888
-310
-129
76
-109
-351
-234
600
271
539
828
258
175
-418
-1
296
579
524
154
114
-297
-405
599
339
615
-328
604
755
-192
555
168
362
829
594
-197
301
272
121
23
105
-452
907
426
212
534
638
-161
-236
350
909
301
-176
-60
-482
-137
-327
-469
-395
374
577
-424
118
722
115
375
-428
-460
88
47
312
506
-27
512
836
-480
-15
527
679
640
816
60
690
256
232
-343
357
943
-257
303
194
-259
851
716
341
184
469
881
986
-500
-262
-321
968
497
94
591
859
177
-285
-204
-431
800
580
-260
501
509
299
-281
171
190
144
64
254
482
-493
274
567
269
353
618
836
943
274
68
461
679
329
819
970
-408
-448
247
394
552
808
171
120
-59
-475
145
-194
-390
120
560
136
227
-303
-86
42
34
-333
725
-266
-245
-273
-103
65
571
-37
-127
994
32
139
416
71
686
687
4
-57
-464
556
-144
253
-97
860
-190
-377
538
-201
952
16
827
149
594
-141
-168
90
980
-334
-244
973
53
-444
973
270
-421
-231
451
482
-108
613
781
434
522
125
-296
535
313
767
525
-180
247
-71
190
587
683
552
133
-43
-309
-475
984
110
32
579
-78
982
110
701
195
198
702
-100
-303
-222
-212
-467
210
-142
912
-21
550
-160
839
725
389
420
-321
460
762
-81
13
737
300
-75
244
-458
-107
277
897
-3
-41
756
566
-221
-37
-167
82
759
673
103
465
562
-45
114
-298
-176
-233
-286
446
214
-62
-7
669
-335
973
924
-313
926
-261
576
-234
-411
-437
490
173
717
408
-359
129
-404
416
-330
432
-184
597
937
514
957
188
906
982
427
-341
662
158
993
879
-496
-21
464
623
489
133
366
-31
639
576
740
-52
-295
246
-278
-120
920
864
177
998
-10
889
515
524
779
230
694
283
106
671
972
313
520
938
112
391
-92
125
458
48
550
-410
-492
368
-439
536
218
419
-47
805
-69
-74
925
-391
-445
516
975
-364
849
593
-33
-500
409
152
787
524
248
-266
859
774
-300
356
168
80
-8
682
294
208
126
773
357
977
645
626
860
-152
261
-96
77
-362
440
152
-77
709
30
508
-441
655
320
855
962
71
713
-181
467
-411
386
427
-473
-388
-223
576
410
-388
874
511
160
765
-65
-438
570
187
647
656
877
-22
-317
-187
410
-163
46
114
-390
53
998
185
972
210
259
528
232
137
918
423
822
528
991
-52
425
-68
-43
382
897
648
23
-341
388
-157
-299
-448
677
206
353
490
158
568
302
-121
-86
906
-131
-388
-301
742
767
126
31
-327
-477
877
-66
880
669
-270
654
242
451
217
666
787
-105
134
867
-244
847
933
-39
913
277
154
918
-325
962
-208
407
477
271
-305
-396
641
522
3
471
473
754
406
-127
-128
-493
352
-115
-414
-67
174
532
-114
-497
-223
-316
-220
-286
602
-469
292
353
898
627
406
918
-295
41
-323
-109
51
756
-376
652
558
-65
909
-4
-135
535
-215
593
-148
496
196
845
-420
271
434
-348
473
-38
149
-254
653
281
562
536
-195
509
44
771
-11
-401
124
360
327
-401
-80
-18
-124
-66
392
243
-194
-407
774
230
374
392
282
-219
66
905
121
-390
-231
-124
88
934
9
530
-153
-420
179
-172
150
355
632
497
-47
-394
-289
185
-134
-474
936
368
339
416
-87
959
903
-16
-102
267
901
-121
-427
989
-203
-180
617
-5
767
19
231
507
871
-27
111
843
143
351
-32
312
566
372
733
-193
-153
149
-300
427
171
-341
-183
-492
-144
-100
505
-43
-217
875
170
521
33
160
-32
565
-207
-224
-498
668
169
102
530
878
716
847
-144
223
928
509
-13
884
98
632
228
37
-444
388
263
112
918
-296
540
-222
325
-238
-302
770
-217
374
184
-438
827
722
-421
719
842
-495
257
881
800
81
156
-415
386
545
-181
911
893
-32
565
116
-300
-4
639
-132
927
380
-89
959
817
94
-46
429
451
-187
462
473
37
-177
530
908
114
-396
-455
-172
180
-362
994
-493
693
449
256
653
552
-371
328
413
-174
700
-61
771
25
-159
-311
50
-292
441
369
730
-304
238
-454
-92
-432
-324
235
16
-293
552
941
-388
181
980
94
97
365
821
501
-178
266
800
-244
-348
-406
23
-270
609
351
-32
368
94
-248
221
-344
457
-433
-96
276
481
-402
998
588
826
741
805
973
86
811
-201
823
451
203
180
371
752
-347
-355
-298
-22
43
387
351
783
-474
-374
277
855
-344
914
409
-71
-367
-363
83
789
802
371
469
-440
-63
357
811
337
308
563
-261
-24
50
-338
-441
42
-34
431
550
416
-112
-263
151
493
986
565
669
-111
891
860
630
776
-396
-415
884
-361
280
651
325
-309
-434
949
516
410
28
-15
-110
-261
84
-143
165
364
390
-485
613
202
50
196
-277
620
-305
898
-167
-323
-461
252
253
-390
-156
-330
608
784
-37
485
104
92
349
652
-13
612
-43
626
-164
754
439
36
-217
333
305
716
775
525
581
154
346
-245
848
349
226
311
37
-351
302
-489
700
966
174
957
-136
-214
-30
413
842
-373
-472
788
-75
924
353
635
687
310
631
182
-207
436
240
489
612
519
-104
917
466
-41
558
-106
757
139
888
-245
474
432
143
-346
991
-273
994
-149
105
-323
601
506
291
919
565
959
292
-448
626
388
-158
-5
962
493
18
-368
593
324
-263
214
74
361
111
695
-96
363
66
100
-272
-465
413
937
-304
895
-45
222
-28
360
-105
621
896
693
-421
981
579
620
38
-475
-314
-245
-14
675
836
-449
897
-249
408
755
900
67
-204
467
656
726
727
-427
436
428
447
-72
722
473
-336
740
0
530
191
166
451
479
295
43
720
801
298
869
472
788
631
411
741
558
426
594
-481
698
254
-108
-31
689
1000
-286
-164
78
854
56
789
51
205
-261
863
-180
-168
372
694
989
354
592
-27
394
-388
670
-95
480
293
-166
-175
-384
77
-334
249
969
213
640
-393
67
978
-363
658
-6
-259
-271
440
175
360
-138
543
788
392
166
81
660
515
-100
824
467
-68
216
109
-462
853
103
25
396
547
59
-114
-285
224
-117
-135
564
854
241
-351
200
-372
-42
475
-102
575
793
85
888
-22
379
875
691
828
951
312
-83
391
344
-185
-319
587
-141
-371
208
-130
-193
-67
749
-275
649
890
743
517
-185
281
825
897
336
-34
339
268
673
36
934
509
-324
236
647
80
901
644
808
274
820
-191
-329
-272
587
-474
-181
387
974
859
-383
917
454
363
717
32
-262
782
994
-476
-57
-368
-139
-51
-142
983
952
-315
102
767
258
583
93
-221
178
-174
850
196
779
589
8
-130
-156
651
-17
771
-10
649
284
123
232
96
-91
363
724
557
183
-254
189
604
321
339
622
-54
644
163
-190
116
-296
366
238
944
-216
-130
0
382
-288
214
875
263
447
-45
0
212
-358
947
756
98
-36
-286
676
547
-241
721
-173
64
416
690
84
-339
778
412
-398
381
165
584
-130
-285
227
831
-378
-3
125
-106
-188
606
-395
816
464
333
327
-454
670
681
431
58
81
-384
-381
85
225
-355
561
-474
451
792
-474
857
453
201
-382
649
30
413
-183
813
84
-97
-260
127
205
-252
685
-95
-347
-394
595
109
409
-91
173
-16
574
175
-20
847
348
40
825
693
-340
-23
266
879
-411
-340
420
-410
52
213
467
-284
966
-441
277
405
-277
-436
100
93
-411
-234
470
-383
743
582
-499
-255
513
-175
332
405
-197
550
878
867
15
-33
-66
-401
-152
-342
530
127
735
-352
314
-169
806
-480
-29
-497
-178
38
-169
505
540
773
58
-459
-40
325
343
836
315
155
586
965
-449
364
366
688
686
-219
464
796
272
830
-429
29
83
51
562
470
374
514
-225
-439
-142
-413
-265
46
146
753
-254
-410
995
-299
600
331
-113
288
-48
-379
-48
-23
-268
-276
727
-96
-430
699
867
319
-28
284
-5
513
880
-372
163
-222
393
-464
402
-456
211
-312
-300
-378
-70
795
941
604
921
-315
328
103
-435
546
712
-297
773
923
760
-285
441
228
247
714
-493
736
455
-313
375
-382
-98
277
-290
681
895
189
-266
685
240
-314
-243
669
324
-28
-373
746
204
313
465
-249
363
-381
612
456
-109
665
732
215
-272
-485
473
980
-301
141
-91
887
379
947
361
405
692
-424
506
-305
260
645
522
686
692
991
700
207
-10
941
804
613
619
-483
121
976
-470
343
-185
140
529
-163
-223
610
-458
277
-225
925
-172
714
-79
-487
253
71
365
852
171
364
27
237
897
421
124
387
436
588
-81
391
696
-444
251
27
-202
319
359
33
-442
991
-326
496
-39
-378
265
10
651
455
-224
50
117
444
924
-370
387
317
104
-433
-307
-178
584
755
816
348
577
526
806
-157
152
799
-130
-233
-78
418
290
-4
171
-55
413
-446
248
14
-349
151
671
345
992
83
-340
481
855
475
242
797
664
-273
245
636
-361
270
306
282
-126
332
973
847
599
616
344
-212
898
935
92
-221
-139
-116
762
556
-118
-46
520
291
740
-455
367
944
841
800
613
153
206
-192
-130
122
-52
750
350
543
272
655
-34
290
-345
-214
123
-416
854
687
882
-57
791
-141
-234
-67
491
373
-471
583
888
-363
766
208
770
-138
-466
22
40
-160
897
976
82
899
56
105
581
986
-463
-149
-19
411
386
996
727
-280
907
73
527
-322
644
524
-145
370
597
647
-52
898
461
307
-444
-381
-457
978
803
732
-444
776
80
831
14
608
409
79
-22
-147
-85
281
963
40
686
200
498
118
-168
599
871
753
765
832
376
-9
-22
814
519
535
889
-293
-67
838
831
-381
-395
-382
35
-459
984
498
-140
775
175
705
552
296
-182
462
-336
-209
-349
673
108
83
744
-52
-150
-145
42
992
299
991
498
985
950
428
-337
402
-222
310
319
251
97
667
-55
311
-478
41
606
-359
-229
979
46
904
662
-317
-278
201
217
648
56
764
625
217
94
252
851
839
483
474
644
-264
758
-386
841
-439
716
-187
-427
899
-225
-56
373
-227
845
178
-139
329
229
431
-238
-238
-489
500
789
651
-348
49
668
957
-271
871
70
-236
102
-184
586
550
499
44
352
917
709
-325
843
397
120
-366
469
423
-133
808
-366
-343
441
-381
227
468
-94
909
443
656
974
-276
-488
630
-65
18
-476
560
727
629
840
-433
73
748
882
657
369
416
-270
253
620
117
-262
448
549
453
-31
27
133
-488
-455
75
819
6
228
-50
-469
906
658
63
-272
605
-287
971
-358
743
-109
-444
453
-497
-108
125
212
-23
865
41
955
944
853
739
518
-281
422
-445
-371
-311
754
-261
545
675
341
313
820
491
-18
171
468
-273
-498
435
955
901
-61
138
583
419
539
-150
639
504
-207
-60
806
-500
352
-165
981
-323
752
-253
-322
107
-59
-183
427
0
179
455
100
-46
-49
-392
731
138
922
536
208
360
-395
57
-85
357
47
-44
84
246
326
832
-238
520
896
795
141
797
881
-380
-476
152
643
534
610
230
-22
359
-209
686
-155
216
390
502
424
361
451
-68
760
790
626
490
157
432
-306
990
249
-222
-417
-89
846
-148
359
604
-211
-197
-257
481
278
755
0
-459
261
130
-166
449
646
379
567
-403
41
696
37
408
576
227
-497
-472
-50
776
835
337
-438
-188
100
953
-373
461
-166
23
619
537
-243
809
-60
937
52
-495
281
-291
269
806
-326
-256
513
210
910
681
973
-305
126
314
967
-408
700
101
167
-85
623
-483
960
957
123
953
306
358
60
-378
545
-467
994
-17
535
518
433
122
733
719
273
986
354
792
-347
897
387
572
3
452
-359
308
-430
802
452
747
870
-182
172
262
93
738
-89
-182
-293
777
-186
39
-181
718
39
518
-406
-476
315
941
-320
-157
-235
251
-251
670
-348
350
185
521
726
108
502
-116
170
132
769
820
342
233
-43
340
90
972
405
-489
118
-343
-279
857
-59
-196
784
673
179
767
624
-150
610
-278
730
-82
847
322
446
541
-359
-298
396
-267
228
936
438
612
-40
230
768
163
-387
-33
-483
47
362
962
652
555
-402
261
177
889
-38
-224
-58
429
-194
446
844
361
534
507
90
-495
564
133
176
891
547
-15
501
131
-220
602
716
-187
241
-159
-81
951
771
828
-80
142
902
936
-291
-38
-290
49
578
-362
120
102
-372
450
837
694
-281
633
238
870
747
840
-326
567
653
-252
412
476
451
911
551
654
571
-312
565
98
20
990
-166
376
772
-348
-42
-284
66
774
481
485
-280
930
373
903
315
34
743
381
-416
342
234
-6
914
933
-100
551
-254
-405
556
-95
222
357
754
400
649
385
686
123
715
580
293
-481
-293
-128
-482
712
-242
-166
-26
-313
234
851
-442
858
934
772
595
572
252
493
571
703
470
-10
964
135
-430
198
80
817
293
745
-497
707
28
-382
394
-200
205
445
489
633
45
-306
-120
619
665
-33
398
892
453
-345
900
596
653
779
612
343
423
331
665
-55
84
586
985
-368
128
-43
139
432
467
645
186
354
-165
986
48
653
841
410
624
-452
669
-249
-105
842
-487
268
-246
28
107
-272
887
647
690
-196
445
-122
337
-190
766
-464
-170
178
496
-449
665
-23
898
-267
608
-364
135
788
-443
616
737
-449
-418
635
-291
-119
49
-92
298
-233
-31
-215
961
-315
773
482
-131
660
511
303
456
306
774
-233
196
729
730
245
512
512
-426
207
-19
12
423
-262
-99
-187
144
-25
-315
780
316
718
219
202
-451
476
436
-171
693
590
-31
-385
889
951
139
490
-215
7
686
-419
137
521
252
-99
-288
619
882
918
234
-448
872
256
40
864
415
475
-82
516
335
-487
-319
812
286
245
714
-483
121
-324
-434
230
453
920
837
576
615
86
-303
-185
7
389
299
696
624
341
170
338
77
-210
699
-41
999
-307
-413
-91
-498
805
-36
817
918
94
845
-175
-338
491
989
934
-32
532
174
42
643
795
130
-385
-479
434
537
381
-368
880
764
-364
953
349
-186
679
426
-73
741
340
321
298
-245
630
-379
50
-472
621
355
-104
-378
-360
-189
572
228
56
-474
243
-322
-256
-105
33
953
162
-467
-204
-183
-330
644
668
629
583
-362
853
800
804
916
384
339
-411
175
-415
567
616
735
-222
417
167
-339
-479
405
-424
-1
596
-460
-181
-138
36
-407
-431
-115
395
-326
-107
437
781
247
294
558
-235
138
-443
887
674
-410
997
452
434
566
105
971
578
-456
-141
-326
239
695
78
244
250
-451
-474
158
-309
574
593
56
24
-360
725
461
142
403
-313
-436
612
724
559
-192
180
617
539
71
-285
-460
-347
999
618
297
998
34
-298
229
-357
124
78
2
379
-241
688
11
-177
472
309
547
-455
10
870
299
-410
892
964
415
2
-210
830
235
137
303
-300
-167
297
504
813
-129
336
-365
394
110
-351
201
574
868
-212
-70
-380
-377
272
953
51
915
-417
-41
-121
-9
680
-296
401
775
110
202
740
866
-167
970
720
712
477
333
-433
436
514
-250
226
269
413
-192
847
249
2
222
395
858
499
764
844
-265
329
-146
501
147
-51
-23
165
-118
571
417
-433
-134
809
-201
698
-205
527
899
202
567
-352
-280
-26
786
197
-350
653
-331
25
-375
65
764
-78
15
736
-352
624
942
272
118
903
220
-143
344
-497
667
531
735
938
484
343
-123
-193
477
54
353
955
527
-370
-474
-54
202
799
703
776
-467
302
795
533
262
266
-404
102
338
-439
86
282
882
414
935
382
290
280
-329
161
728
-386
316
-253
781
-10
-111
136
-234
287
739
-355
-101
154
-269
-11
106
959
543
563
832
837
774
800
-305
-88
465
842
261
164
100
618
780
767
486
-237
106
485
-282
18
-450
-151
708
127
231
345
2
954
421
352
208
752
-139
608
-18
440
428
-404
611
141
220
-164
886
820
493
-90
88
328
33
523
151
-74
-314
-89
-232
-459
-251
193
437
320
353
41
910
663
991
175
936
-324
248
633
381
613
447
956
920
16
-101
-294
88
355
780
-49
747
528
-326
141
336
420
618
948
-348
-188
-425
-11
149
-442
903
429
996
-319
368
243
218
614
781
427
899
486
-376
-148
-41
900
248
882
223
797
50
71
-66
258
812
-90
403
843
25
251
279
704
634
943
618
-341
950
-277
547
-282
964
243
551
175
392
978
556
237
757
565
775
712
34
371
980
503
-364
475
911
747
509
-40
306
702
582
518
425
124
-156
-367
-318
-401
914
-315
-269
977
12
-206
679
35
356
671
-492
-35
368
171
409
149
5
-315
267
-94
-4
-413
603
496
245
423
209
-25
727
-350
761
-244
313
-270
928
-172
633
709
202
-385
906
276
530
698
467
436
-443
384
701
-228
-279
815
126
895
968
738
131
334
-465
972
774
-398
885
814
934
986
348
874
-183
518
401
-452
681
-392
530
-271
-399
-154
-406
908
-139
827
-208
-95
919
381
-422
-174
-404
-445
256
346
-408
-202
75
-148
750
-95
941
601
822
750
-441
472
432
103
-77
339
-30
-334
27
-272
-146
-148
837
116
54
796
-325
659
912
784
712
-314
-175
-124
981
266
843
825
442
-339
34
-157
-256
-322
-205
-353
-160
-88
-176
12
167
-14
81
-270
395
-177
881
846
-464
-203
283
580
506
-163
804
376
675
95
-378
614
905
331
-406
756
975
859
-400
-203
-220
-54
-495
-39
208
-281
-316
157
139
358
-183
-262
924
904
263
-179
157
396
886
693
415
110
993
543
916
429
582
270
95
-57
