151
7927
8058
13613
14304
6
12258
19387
2348
9766
10437
19739
10984
5861
5394
17588
312
5145
10842
11869
7996
10717
3122
9391
2056
6506
19372
2441
8013
3259
17281
2502
11341
11886
5159
5724
14919
16835
3790
18671
11711
2394
12931
8394
17882
8650
16539
18914
7919
16514
15945
3369
3303
17156
17165
1290
14479
14016
6906
13068
18173
17664
9577
5210
7954
13684
183
12397
8209
8646
4404
18769
18338
5625
1237
11401
7017
5828
15699
2495
11620
7972
12554
12584
834
15447
3216
8034
5035
8651
515
3973
17262
16103
16491
8971
17739
9988
19675
14486
2362
3549
4322
12139
2059
2078
6790
10100
12128
13835
12212
12928
13370
18499
16114
11129
7489
14978
16980
12254
13727
11473
8991
241
2370
2188
18097
13402
922
13412
11126
18312
11199
15182
18926
9442
10549
5635
9058
14917
14717
12732
17006
11700
15376
13187
16105
4013
15811
13736
12106
19653
6302
6017
13673
1275
2112
18617
18868
18110
174
5759
16493
10188
8713
1461
18853
5976
8945
8626
13161
1829
1740
5768
12892
2813
18140
11617
18185
1310
17038
9069
16887
19185
16201
334
1020
18909
3599
4677
3473
2709
9514
14597
5306
11267
1878
15606
951
13537
9988
3570
4824
5026
17650
10545
17085
18290
1301
18933
18593
6498
9373
18753
11677
16000
3235
121
14882
11074
15276
16928
13909
17124
2372
8053
6587
17868
4203
7057
6907
7758
11794
10386
7987
11756
11042
15478
17998
9610
11828
5732
12301
988
1505
5701
422
18364
2478
15822
17744
10371
6088
15664
3465
6953
9518
18805
3313
8091
19959
3923
3255
4680
15711
2175
2942
15543
16893
16678
16472
7697
18884
12650
3023
18608
1786
14574
4035
6486
12746
17847
7917
17874
4761
1374
664
7996
1482
2193
13582
4620
983
9856
7104
17287
4677
8019
4853
18293
1411
18992
4240
18516
8511
1533
1845
3127
7152
6997
3878
3545
15553
5466
12542
4501
12617
12988
37
12193
19090
2368
4376
19278
14305
15036
7618
7658
7286
17518
10358
9632
17674
6537
10472
6823
4198
7929
16656
17448
3089
10852
13517
13622
3235
3562
9900
9580
11663
16091
9304
14434
12002
15927
15593
11166
15127
8642
13735
1000
451
509
10814
18065
2049
9870
11622
15420
14441
3043
244
3603
1402
3562
457
5342
12094
12399
16564
11634
17912
364
5875
9481
7476
1312
16255
10591
11909
13581
13793
17490
8028
16361
7817
19606
5564
12059
13836
17456
3431
19726
17940
5374
3844
284
9044
19968
677
5673
13751
15201
17376
18196
17329
12840
9269
19846
18942
6531
2579
16838
4415
139
8815
6193
4163
12536
12213
2955
6576
3229
16033
19929
16766
11100
17402
2656
1304
3528
15695
17594
15580
683
219
17515
13436
13833
16724
18178
9938
17699
13648
11987
12580
8998
2830
4821
5810
6282
3365
16829
15234
14394
5891
6861
1814
19001
1213
222
10081
4788
15371
13267
8836
3111
8167
10167
2786
2033
18932
10075
13947
11081
19518
8534
6461
1711
6258
6386
12789
11028
2832
5544
6255
4423
17739
16389
14158
4049
16789
902
4598
1782
15140
15066
10693
19321
4207
8364
7914
15660
15513
11557
228
2237
15338
14636
16483
6359
17105
18139
9385
18901
12271
14512
4939
16633
15197
13788
18951
11553
16223
1010
19697
18787
899
5483
16553
12777
10651
3042
18227
8525
17266
17709
4113
16458
16519
11398
13576
9515
8897
7862
14920
14346
10807
13266
12266
11571
5607
5527
7212
12368
2583
8928
607
4080
6229
12706
5652
3633
223
4455
9120
12255
7541
12308
19388
828
11431
15420
16146
4882
6943
8807
2985
15502
7631
10780
14216
683
2714
18360
14417
6482
9901
6719
2999
13909
11126
1696
1716
4263
13238
17602
2757
2584
631
15795
16992
7231
2136
7021
19944
16547
12916
17771
14658
2226
14850
13838
739
314
16207
11081
1137
2418
12379
7672
17217
18430
12661
3820
19825
13500
33
10767
6948
6681
16890
18110
7956
975
15807
13448
782
7109
758
15676
16532
16427
12569
6265
8720
1589
17571
3583
13433
4386
11852
8460
3027
2643
11332
438
8967
2919
4005
17668
17758
16997
15205
674
3580
5836
17227
9116
10389
3661
5291
19531
10398
8838
12956
2832
14430
15086
8494
8185
4290
13381
11885
15477
18215
4857
4803
18558
3214
17411
13772
19206
2589
17188
6683
1376
3092
3149
7727
1496
10958
16474
4499
11835
8423
19673
18366
15233
17477
1030
8339
6865
5316
16867
2433
11142
19348
8661
5556
8403
11167
16576
17127
5060
16741
15779
4634
15401
13750
14935
12579
11654
17887
1127
20000
9428
16463
504
18448
16252
4490
7311
10326
13218
19435
9993
11904
18737
1126
18440
1222
18931
4784
3621
2936
7265
15361
12807
12382
10223
19086
2716
7039
2916
10760
7617
15349
19755
7071
13326
17623
5264
5696
6389
15300
1977
16158
7425
2153
16596
1480
8496
5435
10638
1158
9912
11575
14686
5891
5117
11610
8838
19804
10035
5185
7198
13969
6675
4700
7529
2437
4159
12914
10976
5683
7504
6543
17424
70
4086
2230
16554
17574
17432
3816
1808
13438
12716
4401
16915
3134
1556
1679
15076
3618
5697
9804
13532
15214
639
11053
14656
72
13572
16059
12532
7758
17897
5828
9944
16569
9552
7076
9389
16797
14021
3483
4707
5770
12489
18192
11884
11411
10843
1823
9390
3412
13265
7344
3188
8001
5953
6883
3736
3823
18377
9557
16852
15784
19284
7268
19837
9101
18365
18948
8863
13713
12320
13971
17497
16937
2616
15792
11978
18963
4810
9761
7566
16404
12524
631
10898
7807
135
4741
2207
6893
13024
4650
19638
19703
12996
9545
8573
1897
5816
9426
13622
2092
928
165
16858
7058
16202
1574
9838
10013
14621
14622
11172
3549
5555
15187
16877
6518
455
6573
12880
15938
1815
5904
445
12537
8523
6348
716
12781
12824
364
2358
975
12816
14214
3894
11571
15639
16523
19878
9148
15437
18261
3684
1995
18528
13702
12269
4734
14858
4999
2932
3355
17176
9912
17019
15629
5501
4214
17538
5345
18098
19957
8566
1016
5478
13679
6584
15295
2680
6515
19187
12543
10519
18074
14044
10984
10558
18149
18430
5670
19845
7289
3135
15448
7134
14567
13548
7041
12365
11687
8239
1912
755
3523
5873
11856
11033
7572
14752
5202
10465
333
16942
8763
7625
11403
11629
19055
9473
16152
9420
17928
12326
19036
1726
5605
13310
16751
10110
98
15845
6126
18278
13178
9606
5580
9455
17690
9405
11810
14450
14463
10885
13306
12701
6784
6898
4016
12315
16006
11375
16472
13368
6692
9309
17460
8119
10975
1182
18357
3796
19284
596
9680
14369
7849
14605
18461
19423
6798
8020
6593
7403
12985
16594
17105
13691
3621
16995
18194
11947
8256
6507
12641
3573
15886
1201
7695
10357
17685
4462
6886
10483
3865
723
15893
9435
8727
400
2019
6282
6182
19354
13202
7341
8951
1123
17274
16077
7438
15010
3472
18253
15206
4106
10893
13239
14818
2927
10037
19
18882
11741
16879
11602
14157
19045
3645
11330
18427
9192
6092
7960
5750
14855
1921
19882
18329
197
4966
10246
16292
9088
15589
295
8906
17577
8417
9163
13042
7697
7521
12796
713
6856
360
3439
10448
456
5139
14072
13404
5211
17091
17771
10550
13755
13997
5313
1889
19785
15516
14762
16556
3813
12368
2559
19635
18306
7317
16136
7137
6570
16003
1630
16077
16653
13918
1596
7267
18138
18700
14247
9079
13226
10414
19579
2642
13049
13492
17185
2420
2687
12706
11575
5010
9685
8391
7261
3214
3939
13586
13105
1684
345
4199
9041
17218
11256
1946
19367
13055
5010
6949
16134
11321
13266
3855
5469
7777
4273
15408
13545
6862
10955
4227
6442
6275
16309
239
7144
3791
16075
7300
11681
14550
13851
18356
13433
6811
11222
8858
13780
5566
6992
6961
18458
19881
2189
10939
1071
15041
18389
16152
812
14714
12871
19988
13243
5836
2866
16497
16547
7820
7840
11064
9476
4100
1148
19853
11663
19728
2794
3245
11366
12071
13058
13951
18370
4925
15458
7539
17261
10582
1773
16699
777
8545
8578
628
18492
9682
6435
13019
3713
3430
18892
18731
12609
764
11161
6593
14599
12001
18529
12507
3109
13650
15697
12122
7073
5906
79
19489
19789
13559
12568
1877
15760
18170
8099
11840
7246
7330
11358
5613
18216
4045
2014
7636
11702
11115
12623
5893
5384
17961
8528
19764
19467
16285
5692
16337
17036
17397
13048
2517
10789
8494
18933
4301
1730
18650
19907
11649
4259
5111
2880
16738
14035
16786
11880
15009
6657
16637
8676
14544
17743
15863
17710
16519
460
12902
10156
10035
597
2904
290
6085
7009
15183
10503
1720
752
9834
16578
16059
5671
15502
10560
19875
6083
19383
19623
2267
6831
15988
10461
14806
8180
8044
3736
7954
5047
18269
7534
2625
12234
10981
7660
1837
16634
3265
256
14246
10428
18548
18784
15214
19581
14105
12560
9338
10460
2970
9522
8230
11570
742
12293
17334
5841
1149
5522
13555
6914
9305
12314
7080
11686
7185
13905
7901
12631
5773
4461
16343
7527
17650
7270
18167
13873
5343
17421
13207
11933
9444
13843
1236
1355
9404
682
8422
5050
1314
2848
17073
3697
16032
12469
8211
17208
4064
10760
9639
7152
10336
18483
12202
19248
16718
18180
7165
3572
2413
17345
7861
116
15090
15290
6679
2670
1858
19499
3731
15480
5130
10971
1097
4390
8474
5506
3807
15336
6707
15713
8717
12816
15502
17094
13560
2583
844
1974
575
19748
10016
8419
15736
9334
2942
11299
409
160
4631
19002
6039
18211
2401
18987
5547
7379
16084
16522
13741
17378
3715
18735
7406
8573
6156
12143
5930
871
19388
11662
18655
13880
4671
10770
12004
12305
11421
16502
18956
15104
12438
12985
9691
15115
8611
19800
19765
7621
13494
12232
11995
14458
12085
10162
15756
39
15286
3832
151
3519
13617
112
9437
8148
19480
3849
10749
6258
17565
2971
3727
4257
3758
15652
17263
11227
10849
905
18352
6871
5599
19248
19800
16528
19730
14473
16720
15621
1637
9504
992
13425
11069
7994
6718
3627
17862
9707
13909
18433
9529
574
17089
18682
8039
16713
10803
1766
4345
8042
18250
2521
19817
16231
7475
19895
9027
1316
19562
13488
11016
4680
1086
18884
8753
11420
14760
18184
4393
7206
16594
13566
12542
2543
12314
849
15893
8097
15050
12743
9860
18385
7490
18644
8198
8774
1728
14793
9166
17337
3517
15108
109
6913
7731
6947
10047
11702
8268
1334
17354
16412
14056
4565
15743
4746
5035
6794
1682
3572
14443
16056
17703
11891
9612
5809
17098
4936
16582
5990
5581
7077
5243
6418
2983
950
10350
14964
14973
18991
11527
14739
14594
12441
2194
19619
5016
17216
1682
17262
4128
7254
10738
17485
5847
7575
10239
15262
12689
10951
16110
4603
15295
16516
4985
564
13646
8072
4000
2588
19696
4631
16358
8401
3920
12472
19304
11984
10501
17181
14748
17300
16322
12540
2923
12355
17604
10131
730
17426
1802
1077
9048
2118
5233
11205
5318
3813
17644
19055
702
10161
8927
17866
18901
886
3283
7855
17111
18478
13409
2067
10789
1105
18499
4707
13210
3778
15136
7766
7143
15823
12765
3780
8533
17762
537
16203
19566
18427
13343
17401
18694
17398
11690
7894
4505
2627
9587
15738
15495
18885
19870
6435
17197
18112
6494
13065
8749
14025
8254
915
5485
2814
17999
10324
9780
14385
19135
1425
1494
3981
17920
18941
12023
617
13659
4730
4577
5831
8561
18034
15464
3107
949
15995
9748
18637
5873
4803
1346
8022
13481
13019
6840
5300
2241
15899
2907
5012
18407
7962
15352
14180
5154
9813
8420
4349
14827
8251
4415
3746
15114
11597
12593
15241
2944
6276
17329
12452
8625
9222
8699
19337
7807
4807
13286
6255
2593
6688
806
15840
12381
5169
10516
13882
11675
14983
19141
4218
13650
6626
7569
1101
7789
13171
18239
2077
3564
10423
18254
15146
8913
19854
961
6667
10904
15767
14794
1435
10072
19642
8678
2652
3817
210
17201
13252
16277
242
6975
17655
15439
14175
17852
2624
10601
2524
2782
17786
6483
14638
17338
8057
9894
15865
409
15139
10502
12505
11393
8139
6889
2254
16347
19093
1302
14302
8646
7682
3442
19754
250
16353
14547
1092
2760
17251
8710
18132
2798
1488
13336
8432
15194
5377
9147
10849
3742
5892
14916
18493
13518
3107
13142
19666
10063
10009
17945
5533
16038
3527
4613
17845
4735
15755
4143
3583
15322
13601
15437
12316
12155
6413
10781
7575
3759
8625
18867
14884
1971
7814
243
13688
17670
15311
5437
17
12603
6746
1683
12634
15300
15463
14299
17435
7550
344
1777
18882
17764
9106
18573
13528
811
11826
3595
18261
5250
14635
10658
18348
16258
16245
14185
18261
3425
12463
13013
8283
3329
5488
11975
15710
4382
1807
18298
3626
4367
10636
10340
12562
13390
12840
11111
19437
12048
13822
8551
5860
15007
8669
5066
19619
7782
464
716
831
4966
6299
13837
8723
14381
10556
17472
3505
1192
18486
14777
6682
19468
19959
11532
3868
7827
12381
16659
6027
3742
3454
3975
16739
14618
9417
16740
7624
11644
17535
14257
19471
17613
6061
8086
354
11166
16312
8118
13359
19826
9913
6762
3412
5866
8829
5571
19540
8795
5585
137
8844
2047
11860
6362
7973
4244
16320
8375
18319
415
19676
9572
10953
8945
9954
15567
938
19494
7983
14982
14654
6574
17809
13369
11133
5375
14171
10086
4561
9441
14591
10185
12997
7077
4159
6225
13191
5026
4829
4821
1915
13744
13454
3923
9930
6880
5093
15832
17993
18969
11371
12794
19001
18208
9011
14726
19151
3256
19375
9013
12821
10350
14186
12613
10326
14117
14436
14800
11894
18762
16408
4823
12914
829
3550
18463
7635
14666
19286
9895
14122
14853
19845
1716
19388
19180
6763
16128
10706
14905
13629
6741
17259
9078
8617
13164
2408
4047
7467
7045
1268
15761
10468
8233
5492
16227
5800
14224
15986
12889
19131
16034
5084
3999
7410
2809
8300
4692
5265
9955
19652
9772
4068
19986
17819
5427
8012
18399
15163
7559
8879
9048
12748
14562
2009
17312
19944
4391
10571
436
19513
15398
13376
19416
17331
15042
3575
15784
15401
11556
8099
12353
18989
12109
5505
19391
527
18949
13450
2393
17849
15923
12818
12487
7867
7975
9321
10559
3288
18651
18703
14546
1692
2298
17682
1069
12771
11931
15409
9799
2607
9817
27
15360
9308
8836
19026
18401
4237
12362
5902
6060
18174
13335
341
17465
13924
19802
10646
3138
10378
8867
17782
10646
19938
3799
7172
9033
19593
19112
16050
13760
899
1847
3163
17881
2772
17624
2299
1766
16699
5357
1462
10713
16159
19383
274
16618
3053
13551
9250
15869
13708
16936
18705
330
7462
12070
7433
5738
4460
19966
6635
15969
119
7840
3048
3834
3389
7668
11541
7979
8684
18204
10262
17690
6113
17680
2146
5372
13399
16158
19779
6391
1535
17711
19957
5902
10308
6006
14653
3126
18977
10103
14623
10544
19279
1176
18421
19321
948
8547
17117
7274
355
5682
17859
12628
14002
19197
8906
1033
18598
19353
10518
8136
5848
709
14107
2869
9710
14321
19338
5973
15066
15124
12767
10385
8976
125
4679
13668
2572
10211
9231
18532
11233
16459
10699
2991
14718
16831
11962
8840
482
228
6246
10323
19060
9341
13037
17253
18421
722
1306
4918
8317
9735
10485
8022
19411
16765
8877
17527
3182
771
4586
554
3565
15885
3497
17062
17908
2703
14389
3714
15323
18675
2204
18667
9731
18230
15173
16526
4707
3825
18484
5886
644
7911
10284
5323
7751
19714
11559
11655
7253
17528
3474
12408
15710
12900
17793
639
8047
8670
2874
5336
19921
3380
9070
18112
16599
10746
16374
4947
19942
7575
18826
18116
4644
16857
7169
17496
13141
10005
2311
5673
8358
19290
7199
18676
3384
3930
18807
15485
2325
5028
2125
17656
4931
16383
11531
18683
12823
1819
13357
17556
8248
251
16491
8102
4364
10913
6566
14844
12731
14355
19610
12829
17648
7793
14582
18722
1559
8298
4420
19933
16831
15033
15321
1689
19750
9606
14425
5664
12640
5336
15417
4413
10824
10064
18363
15244
14710
9664
1090
1260
10677
14188
13529
7891
2752
11136
8240
14701
19724
13127
4377
993
8368
16437
9589
13677
3607
17654
14886
4472
8872
17547
13258
10161
19116
11181
14647
17225
18701
14678
10809
8182
7717
5704
8294
8776
652
12941
15607
8584
15701
2670
18782
16695
11209
15283
9289
1457
3767
8807
1064
5760
803
8592
17166
7645
3839
228
10687
8639
4460
11042
9252
200
837
5376
8065
1231
8830
1747
11567
11115
774
9128
256
2080
243
3396
2168
8049
16272
2252
4432
6476
16413
10862
3574
13766
3245
12496
18739
8508
3698
19471
18722
3743
15802
2407
540
1362
17462
7260
19111
19139
11035
5055
6035
16705
12151
15004
15557
15262
11293
3112
7948
16702
17903
1669
5421
10998
2423
17840
10976
16273
1021
6162
8648
2155
10963
4186
10967
10709
6298
5039
12640
8809
5941
5783
10735
2977
12839
14611
13965
15679
8453
14205
4684
10749
49
15113
13975
19835
5088
10639
19331
2121
19934
17786
19992
18748
3977
17968
12337
12202
9950
7339
14089
3827
15145
10031
19608
6918
10137
12548
16438
5162
609
13027
3355
11787
11075
10729
2121
19417
4129
164
8656
814
6414
9167
11954
350
17322
2785
18213
10031
9248
7469
12782
7965
5656
13057
11655
13065
15899
7139
10298
1984
13278
17659
15242
10325
12027
6504
17833
3251
4999
12861
7234
6041
18850
14626
14343
16488
4752
19568
15398
11079
888
17476
8937
18451
5063
912
13738
3005
8427
425
10097
14432
1615
10508
11480
12629
11305
19515
10794
14711
17796
10348
19468
1483
18732
12011
6446
6647
17858
1556
2419
17873
8512
1309
18792
18503
12702
16603
4546
12710
6748
7404
2988
8093
2572
7400
18414
239
1195
14418
15840
16571
9103
8157
2091
13489
13243
5304
9209
9286
14303
8826
14881
6420
3761
1500
7787
3146
530
6182
19494
19972
7399
16991
7802
9749
12146
9458
2022
13474
8371
18306
973
12968
4788
10623
3560
5614
16481
14283
6832
16657
10906
10335
13705
13697
7900
1776
10084
1171
13642
17073
7455
12417
8967
14185
14762
5638
15293
6458
14078
18367
18412
11773
5256
13820
5452
8443
1517
581
9256
18722
14901
4461
12695
2870
19271
18432
1906
9809
5266
5973
19208
13289
13125
17189
16944
11920
1864
18498
7863
6319
19004
6310
19432
18272
16064
814
10936
7805
4530
2980
7902
13920
16568
16044
18219
16954
972
223
13990
3297
18392
17693
14167
2505
2715
10714
2173
8070
15291
6990
2730
5887
3682
4050
13873
9535
5182
10471
13266
8693
2970
13227
4227
2625
13433
3799
4922
4435
16388
13213
18011
16135
15314
4424
15271
17975
6058
9728
2816
9098
13789
804
6507
19638
18739
863
15399
19100
2456
8383
10377
2301
420
5908
4695
943
17904
9327
13877
15990
7008
4604
10387
1650
15594
19044
10243
6457
3861
18114
8597
6174
13227
16116
4080
6679
8460
2521
7287
10809
7373
3302
17537
7693
6824
13171
7122
992
6190
7333
14950
11938
19550
15673
15165
5965
2411
3143
16850
4875
13367
19242
453
15898
5405
2753
2395
17763
13861
15754
8409
10926
6557
16412
19922
1268
1601
10092
10638
9991
444
18586
10593
3397
10716
1812
5994
8765
15790
2238
3709
11225
16686
16529
14667
14735
14843
5667
7374
2718
18554
17723
19691
12938
9055
7315
1678
659
1729
6320
979
4650
4620
7336
8606
322
7787
10287
17392
7236
11888
844
18064
3799
16711
9880
16461
8198
2147
3771
5785
18618
2600
17761
1214
11284
14826
11557
9177
8646
10862
7692
14508
7268
17038
10426
6803
7914
5647
4291
4229
4787
19773
6644
12029
5626
8058
7542
6982
14567
10466
11535
12024
10062
4518
19952
11303
3211
17308
16848
4571
7541
17772
17183
7050
7404
6897
17167
19199
12608
6882
4267
18036
18228
15091
15692
5225
149
12472
19841
8972
16936
9996
4754
19118
12915
13024
13602
5130
6246
3878
12809
7115
17622
4378
18116
13503
11800
3449
7456
10997
2277
335
2433
5988
6811
16622
10247
2711
2664
8743
17741
1360
12738
2685
7589
11329
3726
4325
17347
16789
19633
10968
9659
14271
19886
8890
14987
11100
5726
4849
14828
7453
2294
16780
10118
12115
15164
7226
493
3720
15973
16581
13759
7894
1443
10653
9118
14082
18280
6348
9528
14381
13561
1645
18912
15632
2036
3488
7413
16213
7639
562
18528
11376
18604
4131
10141
15466
18481
9509
1984
14681
13081
8255
2195
3126
17470
13869
3719
2416
11176
6276
5536
17383
17297
14937
19538
7249
8777
11580
5780
5481
11293
9374
235
16841
13143
11402
4881
9131
19270
14164
10427
13438
6715
12417
7262
679
13642
10466
2556
6704
15018
2817
13241
12751
18995
11092
16146
5115
19912
6804
14487
8116
546
4512
17054
10816
12972
11304
7578
1180
13545
5017
4089
13235
18319
17122
13097
4143
15167
6003
9719
13811
9516
8622
33
9472
4935
7201
7896
19812
11799
10338
1477
7218
16176
17872
13713
3067
6860
1547
2065
17362
3856
13315
2667
6445
3675
8355
17988
1786
6777
1074
4806
18673
3948
15114
11835
4507
16706
9372
3470
12816
15342
2326
10504
11282
5623
4664
17026
2778
9475
9448
13757
18176
5792
5400
9860
1220
18131
13090
19047
4074
3068
6100
8945
341
1496
7003
12815
6432
14981
17035
101
5937
11286
3415
933
16683
18818
17620
19738
1703
8112
6166
17809
14755
15328
10708
3404
16820
15648
17322
3237
6662
231
2584
14830
4990
1707
5782
2919
2390
8731
9719
6314
15649
2585
12026
19351
18299
10555
17958
13975
2453
2245
6669
18083
19478
1501
2565
10392
13370
6442
5896
9802
10584
4552
11053
14984
5891
19574
11335
7495
1011
15969
19545
17658
15551
10236
8851
13309
6682
10535
6350
19664
8564
12323
1397
17510
1939
3543
13129
9529
9643
8873
9207
1392
6870
5360
11763
2826
12817
17793
8666
10761
928
9258
2902
10379
4297
8157
1014
2644
8673
15026
16654
821
16782
10662
11957
17174
5772
8632
18066
1755
4422
3442
18617
18134
8323
5030
7067
17119
19534
2991
3211
18786
15244
13857
8225
7199
3068
15897
16568
11049
17034
5970
8355
10934
1294
1664
9735
1855
16864
5860
4539
19517
1442
7748
16178
17697
16646
1087
18607
12599
10800
9649
158
13562
3857
11674
16325
18381
7512
13939
1645
19823
14605
5041
18832
16178
11050
9238
16884
8978
8827
1202
12893
10204
10109
5650
4630
7024
11021
1301
3358
12233
19178
4597
7554
1536
9100
1328
12741
12824
3790
1514
5023
10334
16287
11064
4697
9218
3087
13384
14661
12987
10217
10744
2040
15289
17379
292
5443
15463
11715
9924
15003
12472
12651
13365
19909
8256
3626
12639
7920
8664
11527
11421
16236
9329
17729
7679
14303
18506
17138
2755
14394
17877
11793
14121
7312
10273
10143
2957
1966
4005
10832
11976
9375
10626
3399
10997
19425
16333
11943
9778
14931
13375
9257
7434
4364
349
2262
19717
8093
1523
14436
16174
2892
13921
15249
19135
12513
4589
2604
10750
16804
16535
13029
7199
9877
13620
8672
9430
8435
5828
12110
12845
13642
16931
9558
5971
9418
7642
16487
373
8543
17618
7555
10896
17824
19100
10890
11491
19451
2823
5856
7299
6706
7435
11142
12788
15005
1438
5551
19575
8551
12682
13853
6617
4479
19104
17259
9081
13338
6865
9462
18676
19406
11171
7335
3470
8113
10686
3238
8413
19637
11742
8249
13140
7166
14683
14930
18424
18936
4553
2550
4986
295
18603
3180
3701
7675
16456
4385
13777
1769
5499
12880
7215
13073
7228
7142
9853
2289
19278
7076
19591
13154
9302
11306
13147
11743
352
13997
16928
4002
8748
17131
7419
11448
10478
3520
16241
7751
11300
8756
2842
10891
13891
19635
1267
9334
11412
4448
14739
5870
7271
9754
13447
3841
5884
19717
12015
6400
18279
630
9318
9843
6068
348
19859
18119
18996
18437
1319
351
14944
5586
13329
12164
11449
3699
4728
9404
225
17892
12039
15084
2417
1004
9739
11111
10665
5696
15136
10872
3484
3833
3855
9512
12001
13370
18439
725
12330
11517
5295
13378
6290
8501
6472
18833
7861
6908
13564
16059
2389
5134
514
4836
10509
8585
18193
1958
9572
6737
9761
4481
8316
8089
12292
18104
11775
10350
717
17274
8025
10031
1029
1430
7347
1045
14690
2654
16511
7063
9994
6768
9465
6863
18436
3544
14223
14320
3905
14489
1378
5670
7936
6194
4478
9354
5682
11024
17996
15933
15305
19410
7049
2865
17448
5710
3124
13382
13183
8260
1861
741
16702
13753
10557
2668
11166
75
11530
15647
7588
10033
4669
2482
1122
1948
16142
5647
5320
16795
291
17301
13564
10475
1239
3220
3381
11069
9782
11902
171
10150
11292
14189
8489
8512
18667
6720
3865
1195
1643
11626
9364
619
18919
4119
12112
8304
17078
17839
1082
12667
12679
9749
17328
7237
12475
19303
9978
10340
9081
2598
5728
6373
9305
11551
15303
12599
9188
19374
7406
4088
18252
7671
1894
12681
9975
17292
2396
12197
18079
17225
8170
8303
6142
7262
12461
2339
11287
6985
12588
18759
15756
6769
3049
7387
8406
5411
19168
3763
14330
8987
2357
10072
19568
15708
2609
12454
13202
18194
19277
6191
11511
17930
16263
12701
12329
15067
9481
2843
7845
16131
9124
11085
1259
19825
15988
6049
15216
5252
16576
4293
12589
9319
16508
14683
17462
19742
19669
3339
16227
6908
1971
229
15050
10691
12669
15089
7832
6846
18578
9740
15539
19747
5511
16947
18358
10031
5986
16913
8168
7701
19929
9466
10696
18687
3556
13186
7020
11121
16012
10845
19686
4024
11130
873
3868
7431
12069
15386
3053
19974
2742
18150
16869
1653
16128
4280
18708
19201
19740
12729
17796
14614
11140
1925
6255
17047
18595
14435
6669
7826
5732
8548
5511
8917
14926
8662
802
13871
7766
17338
2119
5870
10726
15763
16826
18630
12381
15237
13534
18462
16385
13275
8900
9774
10937
16930
12132
8172
5614
5923
15452
12615
19280
19707
1326
19630
11027
16257
3795
12261
10138
19586
14593
4044
9827
2173
178
4530
466
17621
4297
17723
6521
2600
7478
8742
14941
5323
18343
5824
19966
14086
13537
10332
5712
9092
15238
688
14722
16526
350
19635
14253
3132
15402
5368
15974
16395
12013
3091
12981
10685
17155
37
14478
6719
3657
7576
6475
15701
19269
7461
5960
2366
8007
10743
1650
4584
3205
10912
25
19696
18792
19392
13820
16716
4974
15404
8323
3261
17918
17315
6231
9327
16116
6172
14346
2919
11130
2421
14896
3011
8122
10917
7751
8965
18477
12483
6066
267
8034
12324
13709
3384
13468
9755
15683
12713
14316
15644
16186
18956
13590
12150
8035
6880
10442
3374
8346
13141
18317
2452
15581
15318
2235
13150
3344
15856
7268
6326
2075
12288
10160
10388
1993
272
15968
17761
18175
9176
18210
18343
15121
6967
2650
11700
605
1657
13250
13457
5678
2345
11474
18448
1184
2471
18487
7810
17997
19758
14428
13192
8635
2978
1501
4316
12962
5811
4960
14867
9573
15312
5088
18815
7077
4939
4363
8299
19978
12551
17731
17434
18928
15226
1869
2610
16846
10024
17000
11921
17380
17909
14439
5149
1412
5994
3572
17409
14640
19824
13121
14783
16226
2600
17520
10524
6003
8330
592
656
10145
5959
2947
19571
19310
1054
7267
1967
179
19383
4293
6652
3692
12795
7621
283
10099
6306
1481
4098
13331
3447
4105
5647
13744
2913
2510
2117
4861
14502
2139
8013
592
6324
3596
1231
3130
19786
17505
11170
6305
17663
6565
18331
15024
197
1064
7613
18353
12374
7148
19620
13999
14297
11658
16608
11762
3666
3741
17320
318
881
4040
1307
14835
12117
4872
6472
14508
2349
18704
13905
6390
321
13281
11196
10956
3849
6556
3787
15437
13151
8293
17862
13961
5844
7013
2536
11309
1214
7477
3653
9023
3177
4342
8454
1820
16397
16578
5374
8989
959
8731
925
12281
8214
8338
12983
17429
11955
6708
18735
19851
16596
13366
2146
17589
6220
10699
15884
17867
14595
7437
2754
15530
10617
11482
15710
19432
12037
10836
5663
17381
4143
1701
12590
15727
327
14053
8509
4289
14715
16098
16570
17041
8328
11428
4784
10951
1716
11953
652
14186
14528
15754
4459
5573
14378
12846
19806
4003
7315
16249
5519
15635
12529
8954
3366
2791
11043
2330
11906
10198
14453
8026
12605
17966
1719
18405
6925
16626
18629
12892
10329
16355
18160
10006
13065
8083
16004
10411
7659
11918
10730
7897
9448
2056
6554
14029
13362
19602
2356
13811
17055
1573
13642
1851
12566
11424
8626
11756
19662
13447
4570
6186
6430
13536
8556
15099
5536
12715
12632
3756
13156
14962
7546
19488
8387
6187
10004
9926
13348
3537
2318
3442
17191
2999
10299
9638
11170
15728
6481
7370
14426
4085
2193
7609
1056
5711
4018
18638
2506
6303
6815
9427
10285
19299
5882
14312
10401
3702
2281
4953
12967
5234
4709
2540
19754
12823
9277
7471
2386
18086
10937
17633
15831
18504
19687
12105
1619
13104
19744
18878
10866
16240
11089
18089
11453
7077
4516
9496
4608
4036
3876
3609
8979
10694
18646
2925
886
9222
19811
11700
15680
12635
1307
8680
11393
8652
9597
4227
12584
13484
9613
6534
7329
15044
12180
19043
14464
18785
15838
9327
7957
841
9630
16661
4543
17808
12777
614
799
9542
368
12361
16727
5639
12947
12389
5255
6521
11457
15675
14058
9678
19615
15458
15332
14292
10613
10232
445
12706
15499
13566
737
15494
3883
4996
1481
641
850
12058
18532
9187
19795
12087
11827
12705
16198
1821
5117
9850
16627
12226
2606
4517
2068
10513
17914
17666
9106
13651
15088
12398
16661
17216
8923
19129
16047
17782
1465
709
16821
4582
9494
8463
1620
1810
14761
14793
14481
9253
10534
7094
2778
6801
14124
15351
19608
18609
9810
18502
3651
3814
14778
14652
7822
7158
3490
4735
19440
16634
5884
16322
6911
19603
18829
2425
12773
10601
2261
7222
3687
15016
5346
1453
79
2519
5727
151
19150
10035
6928
14254
10105
10475
10610
4896
7789
10155
10065
2195
8825
6010
13092
15289
18815
18850
11128
2247
3032
4063
11218
7517
9494
6194
6249
13209
12800
15018
6569
2829
2165
7907
17413
16763
17703
9605
10186
10535
2681
16531
4473
16152
1461
9352
18022
17222
10939
13243
13249
8521
1376
4234
5678
9579
10610
11146
607
10948
13565
19367
2712
3885
3233
8282
6763
9951
16121
18269
9512
6426
14454
9410
11318
15660
5186
19024
16558
17471
5416
16639
8051
19248
4791
8158
11074
10754
1757
8093
14692
1014
7733
4382
940
17265
7760
12689
16799
17375
14895
12638
7267
2877
5575
6784
10745
2843
19861
14445
15294
6706
1768
3518
18978
9145
6263
4617
9375
19056
18600
15792
10253
4141
11325
16800
1637
4737
10248
17138
8048
565
18400
16359
4690
9391
2056
6506
19372
2441
8013
3259
17281
2502
11341
11886
5159
5724
14919
16835
3790
18671
11711
2394
12931
8394
17882
8650
16539
18914
7919
16514
15945
3369
3303
17156
17165
1290
14479
14016
6906
13068
18173
17664
9577
5210
7954
13684
183
12397
8209
8646
4404
18769
18338
5625
1237
11401
7017
5828
15699
2495
11620
7972
12554
12584
834
15447
3216
8034
5035
8651
515
3973
17262
16103
16491
8971
17739
9988
19675
14486
2362
3549
4322
12139
2059
2078
6790
10100
12128
13835
12212
12928
13370
18499
16114
11129
7489
14978
16980
12254
13727
11473
8991
241
2370
2188
18097
13402
922
13412
11126
18312
11199
15182
18926
9442
10549
5635
9058
14917
14717
12732
17006
11700
15376
13187
16105
4013
15811
13736
12106
19653
6302
6017
13673
1275
2112
18617
18868
145
711
904